Vertex Count: 1080

Data:

0.5000 1.0000 0.0000 1.0000 0.0000 0.0000 1.0000 0.0000
-0.5000 1.0000 0.0000 0.0000 0.0000 0.0000 1.0000 0.0000
-0.5000 0.9994 0.0349 0.0000 0.0056 0.0000 0.9994 0.0349
0.5000 1.0000 0.0000 1.0000 0.0000 0.0000 1.0000 0.0000
-0.5000 0.9994 0.0349 0.0000 0.0056 0.0000 0.9994 0.0349
0.5000 0.9994 0.0349 1.0000 0.0056 0.0000 0.9994 0.0349
0.5000 0.9994 0.0349 1.0000 0.0056 0.0000 0.9994 0.0349
-0.5000 0.9994 0.0349 0.0000 0.0056 0.0000 0.9994 0.0349
-0.5000 0.9976 0.0698 0.0000 0.0111 0.0000 0.9976 0.0698
0.5000 0.9994 0.0349 1.0000 0.0056 0.0000 0.9994 0.0349
-0.5000 0.9976 0.0698 0.0000 0.0111 0.0000 0.9976 0.0698
0.5000 0.9976 0.0698 1.0000 0.0111 0.0000 0.9976 0.0698
0.5000 0.9976 0.0698 1.0000 0.0111 0.0000 0.9976 0.0698
-0.5000 0.9976 0.0698 0.0000 0.0111 0.0000 0.9976 0.0698
-0.5000 0.9945 0.1045 0.0000 0.0167 0.0000 0.9945 0.1045
0.5000 0.9976 0.0698 1.0000 0.0111 0.0000 0.9976 0.0698
-0.5000 0.9945 0.1045 0.0000 0.0167 0.0000 0.9945 0.1045
0.5000 0.9945 0.1045 1.0000 0.0167 0.0000 0.9945 0.1045
0.5000 0.9945 0.1045 1.0000 0.0167 0.0000 0.9945 0.1045
-0.5000 0.9945 0.1045 0.0000 0.0167 0.0000 0.9945 0.1045
-0.5000 0.9903 0.1392 0.0000 0.0222 0.0000 0.9903 0.1392
0.5000 0.9945 0.1045 1.0000 0.0167 0.0000 0.9945 0.1045
-0.5000 0.9903 0.1392 0.0000 0.0222 0.0000 0.9903 0.1392
0.5000 0.9903 0.1392 1.0000 0.0222 0.0000 0.9903 0.1392
0.5000 0.9903 0.1392 1.0000 0.0222 0.0000 0.9903 0.1392
-0.5000 0.9903 0.1392 0.0000 0.0222 0.0000 0.9903 0.1392
-0.5000 0.9848 0.1736 0.0000 0.0278 0.0000 0.9848 0.1736
0.5000 0.9903 0.1392 1.0000 0.0222 0.0000 0.9903 0.1392
-0.5000 0.9848 0.1736 0.0000 0.0278 0.0000 0.9848 0.1736
0.5000 0.9848 0.1736 1.0000 0.0278 0.0000 0.9848 0.1736
0.5000 0.9848 0.1736 1.0000 0.0278 0.0000 0.9848 0.1736
-0.5000 0.9848 0.1736 0.0000 0.0278 0.0000 0.9848 0.1736
-0.5000 0.9781 0.2079 0.0000 0.0333 0.0000 0.9781 0.2079
0.5000 0.9848 0.1736 1.0000 0.0278 0.0000 0.9848 0.1736
-0.5000 0.9781 0.2079 0.0000 0.0333 0.0000 0.9781 0.2079
0.5000 0.9781 0.2079 1.0000 0.0333 0.0000 0.9781 0.2079
0.5000 0.9781 0.2079 1.0000 0.0333 0.0000 0.9781 0.2079
-0.5000 0.9781 0.2079 0.0000 0.0333 0.0000 0.9781 0.2079
-0.5000 0.9703 0.2419 0.0000 0.0389 0.0000 0.9703 0.2419
0.5000 0.9781 0.2079 1.0000 0.0333 0.0000 0.9781 0.2079
-0.5000 0.9703 0.2419 0.0000 0.0389 0.0000 0.9703 0.2419
0.5000 0.9703 0.2419 1.0000 0.0389 0.0000 0.9703 0.2419
0.5000 0.9703 0.2419 1.0000 0.0389 0.0000 0.9703 0.2419
-0.5000 0.9703 0.2419 0.0000 0.0389 0.0000 0.9703 0.2419
-0.5000 0.9613 0.2756 0.0000 0.0444 0.0000 0.9613 0.2756
0.5000 0.9703 0.2419 1.0000 0.0389 0.0000 0.9703 0.2419
-0.5000 0.9613 0.2756 0.0000 0.0444 0.0000 0.9613 0.2756
0.5000 0.9613 0.2756 1.0000 0.0444 0.0000 0.9613 0.2756
0.5000 0.9613 0.2756 1.0000 0.0444 0.0000 0.9613 0.2756
-0.5000 0.9613 0.2756 0.0000 0.0444 0.0000 0.9613 0.2756
-0.5000 0.9511 0.3090 0.0000 0.0500 0.0000 0.9511 0.3090
0.5000 0.9613 0.2756 1.0000 0.0444 0.0000 0.9613 0.2756
-0.5000 0.9511 0.3090 0.0000 0.0500 0.0000 0.9511 0.3090
0.5000 0.9511 0.3090 1.0000 0.0500 0.0000 0.9511 0.3090
0.5000 0.9511 0.3090 1.0000 0.0500 0.0000 0.9511 0.3090
-0.5000 0.9511 0.3090 0.0000 0.0500 0.0000 0.9511 0.3090
-0.5000 0.9397 0.3420 0.0000 0.0556 0.0000 0.9397 0.3420
0.5000 0.9511 0.3090 1.0000 0.0500 0.0000 0.9511 0.3090
-0.5000 0.9397 0.3420 0.0000 0.0556 0.0000 0.9397 0.3420
0.5000 0.9397 0.3420 1.0000 0.0556 0.0000 0.9397 0.3420
0.5000 0.9397 0.3420 1.0000 0.0556 0.0000 0.9397 0.3420
-0.5000 0.9397 0.3420 0.0000 0.0556 0.0000 0.9397 0.3420
-0.5000 0.9272 0.3746 0.0000 0.0611 0.0000 0.9272 0.3746
0.5000 0.9397 0.3420 1.0000 0.0556 0.0000 0.9397 0.3420
-0.5000 0.9272 0.3746 0.0000 0.0611 0.0000 0.9272 0.3746
0.5000 0.9272 0.3746 1.0000 0.0611 0.0000 0.9272 0.3746
0.5000 0.9272 0.3746 1.0000 0.0611 0.0000 0.9272 0.3746
-0.5000 0.9272 0.3746 0.0000 0.0611 0.0000 0.9272 0.3746
-0.5000 0.9135 0.4067 0.0000 0.0667 0.0000 0.9135 0.4067
0.5000 0.9272 0.3746 1.0000 0.0611 0.0000 0.9272 0.3746
-0.5000 0.9135 0.4067 0.0000 0.0667 0.0000 0.9135 0.4067
0.5000 0.9135 0.4067 1.0000 0.0667 0.0000 0.9135 0.4067
0.5000 0.9135 0.4067 1.0000 0.0667 0.0000 0.9135 0.4067
-0.5000 0.9135 0.4067 0.0000 0.0667 0.0000 0.9135 0.4067
-0.5000 0.8988 0.4384 0.0000 0.0722 0.0000 0.8988 0.4384
0.5000 0.9135 0.4067 1.0000 0.0667 0.0000 0.9135 0.4067
-0.5000 0.8988 0.4384 0.0000 0.0722 0.0000 0.8988 0.4384
0.5000 0.8988 0.4384 1.0000 0.0722 0.0000 0.8988 0.4384
0.5000 0.8988 0.4384 1.0000 0.0722 0.0000 0.8988 0.4384
-0.5000 0.8988 0.4384 0.0000 0.0722 0.0000 0.8988 0.4384
-0.5000 0.8829 0.4695 0.0000 0.0778 0.0000 0.8829 0.4695
0.5000 0.8988 0.4384 1.0000 0.0722 0.0000 0.8988 0.4384
-0.5000 0.8829 0.4695 0.0000 0.0778 0.0000 0.8829 0.4695
0.5000 0.8829 0.4695 1.0000 0.0778 0.0000 0.8829 0.4695
0.5000 0.8829 0.4695 1.0000 0.0778 0.0000 0.8829 0.4695
-0.5000 0.8829 0.4695 0.0000 0.0778 0.0000 0.8829 0.4695
-0.5000 0.8660 0.5000 0.0000 0.0833 0.0000 0.8660 0.5000
0.5000 0.8829 0.4695 1.0000 0.0778 0.0000 0.8829 0.4695
-0.5000 0.8660 0.5000 0.0000 0.0833 0.0000 0.8660 0.5000
0.5000 0.8660 0.5000 1.0000 0.0833 0.0000 0.8660 0.5000
0.5000 0.8660 0.5000 1.0000 0.0833 0.0000 0.8660 0.5000
-0.5000 0.8660 0.5000 0.0000 0.0833 0.0000 0.8660 0.5000
-0.5000 0.8480 0.5299 0.0000 0.0889 0.0000 0.8480 0.5299
0.5000 0.8660 0.5000 1.0000 0.0833 0.0000 0.8660 0.5000
-0.5000 0.8480 0.5299 0.0000 0.0889 0.0000 0.8480 0.5299
0.5000 0.8480 0.5299 1.0000 0.0889 0.0000 0.8480 0.5299
0.5000 0.8480 0.5299 1.0000 0.0889 0.0000 0.8480 0.5299
-0.5000 0.8480 0.5299 0.0000 0.0889 0.0000 0.8480 0.5299
-0.5000 0.8290 0.5592 0.0000 0.0944 0.0000 0.8290 0.5592
0.5000 0.8480 0.5299 1.0000 0.0889 0.0000 0.8480 0.5299
-0.5000 0.8290 0.5592 0.0000 0.0944 0.0000 0.8290 0.5592
0.5000 0.8290 0.5592 1.0000 0.0944 0.0000 0.8290 0.5592
0.5000 0.8290 0.5592 1.0000 0.0944 0.0000 0.8290 0.5592
-0.5000 0.8290 0.5592 0.0000 0.0944 0.0000 0.8290 0.5592
-0.5000 0.8090 0.5878 0.0000 0.1000 0.0000 0.8090 0.5878
0.5000 0.8290 0.5592 1.0000 0.0944 0.0000 0.8290 0.5592
-0.5000 0.8090 0.5878 0.0000 0.1000 0.0000 0.8090 0.5878
0.5000 0.8090 0.5878 1.0000 0.1000 0.0000 0.8090 0.5878
0.5000 0.8090 0.5878 1.0000 0.1000 0.0000 0.8090 0.5878
-0.5000 0.8090 0.5878 0.0000 0.1000 0.0000 0.8090 0.5878
-0.5000 0.7880 0.6157 0.0000 0.1056 0.0000 0.7880 0.6157
0.5000 0.8090 0.5878 1.0000 0.1000 0.0000 0.8090 0.5878
-0.5000 0.7880 0.6157 0.0000 0.1056 0.0000 0.7880 0.6157
0.5000 0.7880 0.6157 1.0000 0.1056 0.0000 0.7880 0.6157
0.5000 0.7880 0.6157 1.0000 0.1056 0.0000 0.7880 0.6157
-0.5000 0.7880 0.6157 0.0000 0.1056 0.0000 0.7880 0.6157
-0.5000 0.7660 0.6428 0.0000 0.1111 0.0000 0.7660 0.6428
0.5000 0.7880 0.6157 1.0000 0.1056 0.0000 0.7880 0.6157
-0.5000 0.7660 0.6428 0.0000 0.1111 0.0000 0.7660 0.6428
0.5000 0.7660 0.6428 1.0000 0.1111 0.0000 0.7660 0.6428
0.5000 0.7660 0.6428 1.0000 0.1111 0.0000 0.7660 0.6428
-0.5000 0.7660 0.6428 0.0000 0.1111 0.0000 0.7660 0.6428
-0.5000 0.7431 0.6691 0.0000 0.1167 0.0000 0.7431 0.6691
0.5000 0.7660 0.6428 1.0000 0.1111 0.0000 0.7660 0.6428
-0.5000 0.7431 0.6691 0.0000 0.1167 0.0000 0.7431 0.6691
0.5000 0.7431 0.6691 1.0000 0.1167 0.0000 0.7431 0.6691
0.5000 0.7431 0.6691 1.0000 0.1167 0.0000 0.7431 0.6691
-0.5000 0.7431 0.6691 0.0000 0.1167 0.0000 0.7431 0.6691
-0.5000 0.7193 0.6947 0.0000 0.1222 0.0000 0.7193 0.6947
0.5000 0.7431 0.6691 1.0000 0.1167 0.0000 0.7431 0.6691
-0.5000 0.7193 0.6947 0.0000 0.1222 0.0000 0.7193 0.6947
0.5000 0.7193 0.6947 1.0000 0.1222 0.0000 0.7193 0.6947
0.5000 0.7193 0.6947 1.0000 0.1222 0.0000 0.7193 0.6947
-0.5000 0.7193 0.6947 0.0000 0.1222 0.0000 0.7193 0.6947
-0.5000 0.6947 0.7193 0.0000 0.1278 0.0000 0.6947 0.7193
0.5000 0.7193 0.6947 1.0000 0.1222 0.0000 0.7193 0.6947
-0.5000 0.6947 0.7193 0.0000 0.1278 0.0000 0.6947 0.7193
0.5000 0.6947 0.7193 1.0000 0.1278 0.0000 0.6947 0.7193
0.5000 0.6947 0.7193 1.0000 0.1278 0.0000 0.6947 0.7193
-0.5000 0.6947 0.7193 0.0000 0.1278 0.0000 0.6947 0.7193
-0.5000 0.6691 0.7431 0.0000 0.1333 0.0000 0.6691 0.7431
0.5000 0.6947 0.7193 1.0000 0.1278 0.0000 0.6947 0.7193
-0.5000 0.6691 0.7431 0.0000 0.1333 0.0000 0.6691 0.7431
0.5000 0.6691 0.7431 1.0000 0.1333 0.0000 0.6691 0.7431
0.5000 0.6691 0.7431 1.0000 0.1333 0.0000 0.6691 0.7431
-0.5000 0.6691 0.7431 0.0000 0.1333 0.0000 0.6691 0.7431
-0.5000 0.6428 0.7660 0.0000 0.1389 0.0000 0.6428 0.7660
0.5000 0.6691 0.7431 1.0000 0.1333 0.0000 0.6691 0.7431
-0.5000 0.6428 0.7660 0.0000 0.1389 0.0000 0.6428 0.7660
0.5000 0.6428 0.7660 1.0000 0.1389 0.0000 0.6428 0.7660
0.5000 0.6428 0.7660 1.0000 0.1389 0.0000 0.6428 0.7660
-0.5000 0.6428 0.7660 0.0000 0.1389 0.0000 0.6428 0.7660
-0.5000 0.6157 0.7880 0.0000 0.1444 0.0000 0.6157 0.7880
0.5000 0.6428 0.7660 1.0000 0.1389 0.0000 0.6428 0.7660
-0.5000 0.6157 0.7880 0.0000 0.1444 0.0000 0.6157 0.7880
0.5000 0.6157 0.7880 1.0000 0.1444 0.0000 0.6157 0.7880
0.5000 0.6157 0.7880 1.0000 0.1444 0.0000 0.6157 0.7880
-0.5000 0.6157 0.7880 0.0000 0.1444 0.0000 0.6157 0.7880
-0.5000 0.5878 0.8090 0.0000 0.1500 0.0000 0.5878 0.8090
0.5000 0.6157 0.7880 1.0000 0.1444 0.0000 0.6157 0.7880
-0.5000 0.5878 0.8090 0.0000 0.1500 0.0000 0.5878 0.8090
0.5000 0.5878 0.8090 1.0000 0.1500 0.0000 0.5878 0.8090
0.5000 0.5878 0.8090 1.0000 0.1500 0.0000 0.5878 0.8090
-0.5000 0.5878 0.8090 0.0000 0.1500 0.0000 0.5878 0.8090
-0.5000 0.5592 0.8290 0.0000 0.1556 0.0000 0.5592 0.8290
0.5000 0.5878 0.8090 1.0000 0.1500 0.0000 0.5878 0.8090
-0.5000 0.5592 0.8290 0.0000 0.1556 0.0000 0.5592 0.8290
0.5000 0.5592 0.8290 1.0000 0.1556 0.0000 0.5592 0.8290
0.5000 0.5592 0.8290 1.0000 0.1556 0.0000 0.5592 0.8290
-0.5000 0.5592 0.8290 0.0000 0.1556 0.0000 0.5592 0.8290
-0.5000 0.5299 0.8480 0.0000 0.1611 0.0000 0.5299 0.8480
0.5000 0.5592 0.8290 1.0000 0.1556 0.0000 0.5592 0.8290
-0.5000 0.5299 0.8480 0.0000 0.1611 0.0000 0.5299 0.8480
0.5000 0.5299 0.8480 1.0000 0.1611 0.0000 0.5299 0.8480
0.5000 0.5299 0.8480 1.0000 0.1611 0.0000 0.5299 0.8480
-0.5000 0.5299 0.8480 0.0000 0.1611 0.0000 0.5299 0.8480
-0.5000 0.5000 0.8660 0.0000 0.1667 0.0000 0.5000 0.8660
0.5000 0.5299 0.8480 1.0000 0.1611 0.0000 0.5299 0.8480
-0.5000 0.5000 0.8660 0.0000 0.1667 0.0000 0.5000 0.8660
0.5000 0.5000 0.8660 1.0000 0.1667 0.0000 0.5000 0.8660
0.5000 0.5000 0.8660 1.0000 0.1667 0.0000 0.5000 0.8660
-0.5000 0.5000 0.8660 0.0000 0.1667 0.0000 0.5000 0.8660
-0.5000 0.4695 0.8829 0.0000 0.1722 0.0000 0.4695 0.8829
0.5000 0.5000 0.8660 1.0000 0.1667 0.0000 0.5000 0.8660
-0.5000 0.4695 0.8829 0.0000 0.1722 0.0000 0.4695 0.8829
0.5000 0.4695 0.8829 1.0000 0.1722 0.0000 0.4695 0.8829
0.5000 0.4695 0.8829 1.0000 0.1722 0.0000 0.4695 0.8829
-0.5000 0.4695 0.8829 0.0000 0.1722 0.0000 0.4695 0.8829
-0.5000 0.4384 0.8988 0.0000 0.1778 0.0000 0.4384 0.8988
0.5000 0.4695 0.8829 1.0000 0.1722 0.0000 0.4695 0.8829
-0.5000 0.4384 0.8988 0.0000 0.1778 0.0000 0.4384 0.8988
0.5000 0.4384 0.8988 1.0000 0.1778 0.0000 0.4384 0.8988
0.5000 0.4384 0.8988 1.0000 0.1778 0.0000 0.4384 0.8988
-0.5000 0.4384 0.8988 0.0000 0.1778 0.0000 0.4384 0.8988
-0.5000 0.4067 0.9135 0.0000 0.1833 0.0000 0.4067 0.9135
0.5000 0.4384 0.8988 1.0000 0.1778 0.0000 0.4384 0.8988
-0.5000 0.4067 0.9135 0.0000 0.1833 0.0000 0.4067 0.9135
0.5000 0.4067 0.9135 1.0000 0.1833 0.0000 0.4067 0.9135
0.5000 0.4067 0.9135 1.0000 0.1833 0.0000 0.4067 0.9135
-0.5000 0.4067 0.9135 0.0000 0.1833 0.0000 0.4067 0.9135
-0.5000 0.3746 0.9272 0.0000 0.1889 0.0000 0.3746 0.9272
0.5000 0.4067 0.9135 1.0000 0.1833 0.0000 0.4067 0.9135
-0.5000 0.3746 0.9272 0.0000 0.1889 0.0000 0.3746 0.9272
0.5000 0.3746 0.9272 1.0000 0.1889 0.0000 0.3746 0.9272
0.5000 0.3746 0.9272 1.0000 0.1889 0.0000 0.3746 0.9272
-0.5000 0.3746 0.9272 0.0000 0.1889 0.0000 0.3746 0.9272
-0.5000 0.3420 0.9397 0.0000 0.1944 0.0000 0.3420 0.9397
0.5000 0.3746 0.9272 1.0000 0.1889 0.0000 0.3746 0.9272
-0.5000 0.3420 0.9397 0.0000 0.1944 0.0000 0.3420 0.9397
0.5000 0.3420 0.9397 1.0000 0.1944 0.0000 0.3420 0.9397
0.5000 0.3420 0.9397 1.0000 0.1944 0.0000 0.3420 0.9397
-0.5000 0.3420 0.9397 0.0000 0.1944 0.0000 0.3420 0.9397
-0.5000 0.3090 0.9511 0.0000 0.2000 0.0000 0.3090 0.9511
0.5000 0.3420 0.9397 1.0000 0.1944 0.0000 0.3420 0.9397
-0.5000 0.3090 0.9511 0.0000 0.2000 0.0000 0.3090 0.9511
0.5000 0.3090 0.9511 1.0000 0.2000 0.0000 0.3090 0.9511
0.5000 0.3090 0.9511 1.0000 0.2000 0.0000 0.3090 0.9511
-0.5000 0.3090 0.9511 0.0000 0.2000 0.0000 0.3090 0.9511
-0.5000 0.2756 0.9613 0.0000 0.2056 0.0000 0.2756 0.9613
0.5000 0.3090 0.9511 1.0000 0.2000 0.0000 0.3090 0.9511
-0.5000 0.2756 0.9613 0.0000 0.2056 0.0000 0.2756 0.9613
0.5000 0.2756 0.9613 1.0000 0.2056 0.0000 0.2756 0.9613
0.5000 0.2756 0.9613 1.0000 0.2056 0.0000 0.2756 0.9613
-0.5000 0.2756 0.9613 0.0000 0.2056 0.0000 0.2756 0.9613
-0.5000 0.2419 0.9703 0.0000 0.2111 0.0000 0.2419 0.9703
0.5000 0.2756 0.9613 1.0000 0.2056 0.0000 0.2756 0.9613
-0.5000 0.2419 0.9703 0.0000 0.2111 0.0000 0.2419 0.9703
0.5000 0.2419 0.9703 1.0000 0.2111 0.0000 0.2419 0.9703
0.5000 0.2419 0.9703 1.0000 0.2111 0.0000 0.2419 0.9703
-0.5000 0.2419 0.9703 0.0000 0.2111 0.0000 0.2419 0.9703
-0.5000 0.2079 0.9781 0.0000 0.2167 0.0000 0.2079 0.9781
0.5000 0.2419 0.9703 1.0000 0.2111 0.0000 0.2419 0.9703
-0.5000 0.2079 0.9781 0.0000 0.2167 0.0000 0.2079 0.9781
0.5000 0.2079 0.9781 1.0000 0.2167 0.0000 0.2079 0.9781
0.5000 0.2079 0.9781 1.0000 0.2167 0.0000 0.2079 0.9781
-0.5000 0.2079 0.9781 0.0000 0.2167 0.0000 0.2079 0.9781
-0.5000 0.1736 0.9848 0.0000 0.2222 0.0000 0.1736 0.9848
0.5000 0.2079 0.9781 1.0000 0.2167 0.0000 0.2079 0.9781
-0.5000 0.1736 0.9848 0.0000 0.2222 0.0000 0.1736 0.9848
0.5000 0.1736 0.9848 1.0000 0.2222 0.0000 0.1736 0.9848
0.5000 0.1736 0.9848 1.0000 0.2222 0.0000 0.1736 0.9848
-0.5000 0.1736 0.9848 0.0000 0.2222 0.0000 0.1736 0.9848
-0.5000 0.1392 0.9903 0.0000 0.2278 0.0000 0.1392 0.9903
0.5000 0.1736 0.9848 1.0000 0.2222 0.0000 0.1736 0.9848
-0.5000 0.1392 0.9903 0.0000 0.2278 0.0000 0.1392 0.9903
0.5000 0.1392 0.9903 1.0000 0.2278 0.0000 0.1392 0.9903
0.5000 0.1392 0.9903 1.0000 0.2278 0.0000 0.1392 0.9903
-0.5000 0.1392 0.9903 0.0000 0.2278 0.0000 0.1392 0.9903
-0.5000 0.1045 0.9945 0.0000 0.2333 0.0000 0.1045 0.9945
0.5000 0.1392 0.9903 1.0000 0.2278 0.0000 0.1392 0.9903
-0.5000 0.1045 0.9945 0.0000 0.2333 0.0000 0.1045 0.9945
0.5000 0.1045 0.9945 1.0000 0.2333 0.0000 0.1045 0.9945
0.5000 0.1045 0.9945 1.0000 0.2333 0.0000 0.1045 0.9945
-0.5000 0.1045 0.9945 0.0000 0.2333 0.0000 0.1045 0.9945
-0.5000 0.0698 0.9976 0.0000 0.2389 0.0000 0.0698 0.9976
0.5000 0.1045 0.9945 1.0000 0.2333 0.0000 0.1045 0.9945
-0.5000 0.0698 0.9976 0.0000 0.2389 0.0000 0.0698 0.9976
0.5000 0.0698 0.9976 1.0000 0.2389 0.0000 0.0698 0.9976
0.5000 0.0698 0.9976 1.0000 0.2389 0.0000 0.0698 0.9976
-0.5000 0.0698 0.9976 0.0000 0.2389 0.0000 0.0698 0.9976
-0.5000 0.0349 0.9994 0.0000 0.2444 0.0000 0.0349 0.9994
0.5000 0.0698 0.9976 1.0000 0.2389 0.0000 0.0698 0.9976
-0.5000 0.0349 0.9994 0.0000 0.2444 0.0000 0.0349 0.9994
0.5000 0.0349 0.9994 1.0000 0.2444 0.0000 0.0349 0.9994
0.5000 0.0349 0.9994 1.0000 0.2444 0.0000 0.0349 0.9994
-0.5000 0.0349 0.9994 0.0000 0.2444 0.0000 0.0349 0.9994
-0.5000 0.0000 1.0000 0.0000 0.2500 0.0000 0.0000 1.0000
0.5000 0.0349 0.9994 1.0000 0.2444 0.0000 0.0349 0.9994
-0.5000 0.0000 1.0000 0.0000 0.2500 0.0000 0.0000 1.0000
0.5000 0.0000 1.0000 1.0000 0.2500 0.0000 0.0000 1.0000
0.5000 0.0000 1.0000 1.0000 0.2500 0.0000 0.0000 1.0000
-0.5000 0.0000 1.0000 0.0000 0.2500 0.0000 0.0000 1.0000
-0.5000 -0.0349 0.9994 0.0000 0.2556 0.0000 -0.0349 0.9994
0.5000 0.0000 1.0000 1.0000 0.2500 0.0000 0.0000 1.0000
-0.5000 -0.0349 0.9994 0.0000 0.2556 0.0000 -0.0349 0.9994
0.5000 -0.0349 0.9994 1.0000 0.2556 0.0000 -0.0349 0.9994
0.5000 -0.0349 0.9994 1.0000 0.2556 0.0000 -0.0349 0.9994
-0.5000 -0.0349 0.9994 0.0000 0.2556 0.0000 -0.0349 0.9994
-0.5000 -0.0698 0.9976 0.0000 0.2611 0.0000 -0.0698 0.9976
0.5000 -0.0349 0.9994 1.0000 0.2556 0.0000 -0.0349 0.9994
-0.5000 -0.0698 0.9976 0.0000 0.2611 0.0000 -0.0698 0.9976
0.5000 -0.0698 0.9976 1.0000 0.2611 0.0000 -0.0698 0.9976
0.5000 -0.0698 0.9976 1.0000 0.2611 0.0000 -0.0698 0.9976
-0.5000 -0.0698 0.9976 0.0000 0.2611 0.0000 -0.0698 0.9976
-0.5000 -0.1045 0.9945 0.0000 0.2667 0.0000 -0.1045 0.9945
0.5000 -0.0698 0.9976 1.0000 0.2611 0.0000 -0.0698 0.9976
-0.5000 -0.1045 0.9945 0.0000 0.2667 0.0000 -0.1045 0.9945
0.5000 -0.1045 0.9945 1.0000 0.2667 0.0000 -0.1045 0.9945
0.5000 -0.1045 0.9945 1.0000 0.2667 0.0000 -0.1045 0.9945
-0.5000 -0.1045 0.9945 0.0000 0.2667 0.0000 -0.1045 0.9945
-0.5000 -0.1392 0.9903 0.0000 0.2722 0.0000 -0.1392 0.9903
0.5000 -0.1045 0.9945 1.0000 0.2667 0.0000 -0.1045 0.9945
-0.5000 -0.1392 0.9903 0.0000 0.2722 0.0000 -0.1392 0.9903
0.5000 -0.1392 0.9903 1.0000 0.2722 0.0000 -0.1392 0.9903
0.5000 -0.1392 0.9903 1.0000 0.2722 0.0000 -0.1392 0.9903
-0.5000 -0.1392 0.9903 0.0000 0.2722 0.0000 -0.1392 0.9903
-0.5000 -0.1736 0.9848 0.0000 0.2778 0.0000 -0.1736 0.9848
0.5000 -0.1392 0.9903 1.0000 0.2722 0.0000 -0.1392 0.9903
-0.5000 -0.1736 0.9848 0.0000 0.2778 0.0000 -0.1736 0.9848
0.5000 -0.1736 0.9848 1.0000 0.2778 0.0000 -0.1736 0.9848
0.5000 -0.1736 0.9848 1.0000 0.2778 0.0000 -0.1736 0.9848
-0.5000 -0.1736 0.9848 0.0000 0.2778 0.0000 -0.1736 0.9848
-0.5000 -0.2079 0.9781 0.0000 0.2833 0.0000 -0.2079 0.9781
0.5000 -0.1736 0.9848 1.0000 0.2778 0.0000 -0.1736 0.9848
-0.5000 -0.2079 0.9781 0.0000 0.2833 0.0000 -0.2079 0.9781
0.5000 -0.2079 0.9781 1.0000 0.2833 0.0000 -0.2079 0.9781
0.5000 -0.2079 0.9781 1.0000 0.2833 0.0000 -0.2079 0.9781
-0.5000 -0.2079 0.9781 0.0000 0.2833 0.0000 -0.2079 0.9781
-0.5000 -0.2419 0.9703 0.0000 0.2889 0.0000 -0.2419 0.9703
0.5000 -0.2079 0.9781 1.0000 0.2833 0.0000 -0.2079 0.9781
-0.5000 -0.2419 0.9703 0.0000 0.2889 0.0000 -0.2419 0.9703
0.5000 -0.2419 0.9703 1.0000 0.2889 0.0000 -0.2419 0.9703
0.5000 -0.2419 0.9703 1.0000 0.2889 0.0000 -0.2419 0.9703
-0.5000 -0.2419 0.9703 0.0000 0.2889 0.0000 -0.2419 0.9703
-0.5000 -0.2756 0.9613 0.0000 0.2944 0.0000 -0.2756 0.9613
0.5000 -0.2419 0.9703 1.0000 0.2889 0.0000 -0.2419 0.9703
-0.5000 -0.2756 0.9613 0.0000 0.2944 0.0000 -0.2756 0.9613
0.5000 -0.2756 0.9613 1.0000 0.2944 0.0000 -0.2756 0.9613
0.5000 -0.2756 0.9613 1.0000 0.2944 0.0000 -0.2756 0.9613
-0.5000 -0.2756 0.9613 0.0000 0.2944 0.0000 -0.2756 0.9613
-0.5000 -0.3090 0.9511 0.0000 0.3000 0.0000 -0.3090 0.9511
0.5000 -0.2756 0.9613 1.0000 0.2944 0.0000 -0.2756 0.9613
-0.5000 -0.3090 0.9511 0.0000 0.3000 0.0000 -0.3090 0.9511
0.5000 -0.3090 0.9511 1.0000 0.3000 0.0000 -0.3090 0.9511
0.5000 -0.3090 0.9511 1.0000 0.3000 0.0000 -0.3090 0.9511
-0.5000 -0.3090 0.9511 0.0000 0.3000 0.0000 -0.3090 0.9511
-0.5000 -0.3420 0.9397 0.0000 0.3056 0.0000 -0.3420 0.9397
0.5000 -0.3090 0.9511 1.0000 0.3000 0.0000 -0.3090 0.9511
-0.5000 -0.3420 0.9397 0.0000 0.3056 0.0000 -0.3420 0.9397
0.5000 -0.3420 0.9397 1.0000 0.3056 0.0000 -0.3420 0.9397
0.5000 -0.3420 0.9397 1.0000 0.3056 0.0000 -0.3420 0.9397
-0.5000 -0.3420 0.9397 0.0000 0.3056 0.0000 -0.3420 0.9397
-0.5000 -0.3746 0.9272 0.0000 0.3111 0.0000 -0.3746 0.9272
0.5000 -0.3420 0.9397 1.0000 0.3056 0.0000 -0.3420 0.9397
-0.5000 -0.3746 0.9272 0.0000 0.3111 0.0000 -0.3746 0.9272
0.5000 -0.3746 0.9272 1.0000 0.3111 0.0000 -0.3746 0.9272
0.5000 -0.3746 0.9272 1.0000 0.3111 0.0000 -0.3746 0.9272
-0.5000 -0.3746 0.9272 0.0000 0.3111 0.0000 -0.3746 0.9272
-0.5000 -0.4067 0.9135 0.0000 0.3167 0.0000 -0.4067 0.9135
0.5000 -0.3746 0.9272 1.0000 0.3111 0.0000 -0.3746 0.9272
-0.5000 -0.4067 0.9135 0.0000 0.3167 0.0000 -0.4067 0.9135
0.5000 -0.4067 0.9135 1.0000 0.3167 0.0000 -0.4067 0.9135
0.5000 -0.4067 0.9135 1.0000 0.3167 0.0000 -0.4067 0.9135
-0.5000 -0.4067 0.9135 0.0000 0.3167 0.0000 -0.4067 0.9135
-0.5000 -0.4384 0.8988 0.0000 0.3222 0.0000 -0.4384 0.8988
0.5000 -0.4067 0.9135 1.0000 0.3167 0.0000 -0.4067 0.9135
-0.5000 -0.4384 0.8988 0.0000 0.3222 0.0000 -0.4384 0.8988
0.5000 -0.4384 0.8988 1.0000 0.3222 0.0000 -0.4384 0.8988
0.5000 -0.4384 0.8988 1.0000 0.3222 0.0000 -0.4384 0.8988
-0.5000 -0.4384 0.8988 0.0000 0.3222 0.0000 -0.4384 0.8988
-0.5000 -0.4695 0.8829 0.0000 0.3278 0.0000 -0.4695 0.8829
0.5000 -0.4384 0.8988 1.0000 0.3222 0.0000 -0.4384 0.8988
-0.5000 -0.4695 0.8829 0.0000 0.3278 0.0000 -0.4695 0.8829
0.5000 -0.4695 0.8829 1.0000 0.3278 0.0000 -0.4695 0.8829
0.5000 -0.4695 0.8829 1.0000 0.3278 0.0000 -0.4695 0.8829
-0.5000 -0.4695 0.8829 0.0000 0.3278 0.0000 -0.4695 0.8829
-0.5000 -0.5000 0.8660 0.0000 0.3333 0.0000 -0.5000 0.8660
0.5000 -0.4695 0.8829 1.0000 0.3278 0.0000 -0.4695 0.8829
-0.5000 -0.5000 0.8660 0.0000 0.3333 0.0000 -0.5000 0.8660
0.5000 -0.5000 0.8660 1.0000 0.3333 0.0000 -0.5000 0.8660
0.5000 -0.5000 0.8660 1.0000 0.3333 0.0000 -0.5000 0.8660
-0.5000 -0.5000 0.8660 0.0000 0.3333 0.0000 -0.5000 0.8660
-0.5000 -0.5299 0.8480 0.0000 0.3389 0.0000 -0.5299 0.8480
0.5000 -0.5000 0.8660 1.0000 0.3333 0.0000 -0.5000 0.8660
-0.5000 -0.5299 0.8480 0.0000 0.3389 0.0000 -0.5299 0.8480
0.5000 -0.5299 0.8480 1.0000 0.3389 0.0000 -0.5299 0.8480
0.5000 -0.5299 0.8480 1.0000 0.3389 0.0000 -0.5299 0.8480
-0.5000 -0.5299 0.8480 0.0000 0.3389 0.0000 -0.5299 0.8480
-0.5000 -0.5592 0.8290 0.0000 0.3444 0.0000 -0.5592 0.8290
0.5000 -0.5299 0.8480 1.0000 0.3389 0.0000 -0.5299 0.8480
-0.5000 -0.5592 0.8290 0.0000 0.3444 0.0000 -0.5592 0.8290
0.5000 -0.5592 0.8290 1.0000 0.3444 0.0000 -0.5592 0.8290
0.5000 -0.5592 0.8290 1.0000 0.3444 0.0000 -0.5592 0.8290
-0.5000 -0.5592 0.8290 0.0000 0.3444 0.0000 -0.5592 0.8290
-0.5000 -0.5878 0.8090 0.0000 0.3500 0.0000 -0.5878 0.8090
0.5000 -0.5592 0.8290 1.0000 0.3444 0.0000 -0.5592 0.8290
-0.5000 -0.5878 0.8090 0.0000 0.3500 0.0000 -0.5878 0.8090
0.5000 -0.5878 0.8090 1.0000 0.3500 0.0000 -0.5878 0.8090
0.5000 -0.5878 0.8090 1.0000 0.3500 0.0000 -0.5878 0.8090
-0.5000 -0.5878 0.8090 0.0000 0.3500 0.0000 -0.5878 0.8090
-0.5000 -0.6157 0.7880 0.0000 0.3556 0.0000 -0.6157 0.7880
0.5000 -0.5878 0.8090 1.0000 0.3500 0.0000 -0.5878 0.8090
-0.5000 -0.6157 0.7880 0.0000 0.3556 0.0000 -0.6157 0.7880
0.5000 -0.6157 0.7880 1.0000 0.3556 0.0000 -0.6157 0.7880
0.5000 -0.6157 0.7880 1.0000 0.3556 0.0000 -0.6157 0.7880
-0.5000 -0.6157 0.7880 0.0000 0.3556 0.0000 -0.6157 0.7880
-0.5000 -0.6428 0.7660 0.0000 0.3611 0.0000 -0.6428 0.7660
0.5000 -0.6157 0.7880 1.0000 0.3556 0.0000 -0.6157 0.7880
-0.5000 -0.6428 0.7660 0.0000 0.3611 0.0000 -0.6428 0.7660
0.5000 -0.6428 0.7660 1.0000 0.3611 0.0000 -0.6428 0.7660
0.5000 -0.6428 0.7660 1.0000 0.3611 0.0000 -0.6428 0.7660
-0.5000 -0.6428 0.7660 0.0000 0.3611 0.0000 -0.6428 0.7660
-0.5000 -0.6691 0.7431 0.0000 0.3667 0.0000 -0.6691 0.7431
0.5000 -0.6428 0.7660 1.0000 0.3611 0.0000 -0.6428 0.7660
-0.5000 -0.6691 0.7431 0.0000 0.3667 0.0000 -0.6691 0.7431
0.5000 -0.6691 0.7431 1.0000 0.3667 0.0000 -0.6691 0.7431
0.5000 -0.6691 0.7431 1.0000 0.3667 0.0000 -0.6691 0.7431
-0.5000 -0.6691 0.7431 0.0000 0.3667 0.0000 -0.6691 0.7431
-0.5000 -0.6947 0.7193 0.0000 0.3722 0.0000 -0.6947 0.7193
0.5000 -0.6691 0.7431 1.0000 0.3667 0.0000 -0.6691 0.7431
-0.5000 -0.6947 0.7193 0.0000 0.3722 0.0000 -0.6947 0.7193
0.5000 -0.6947 0.7193 1.0000 0.3722 0.0000 -0.6947 0.7193
0.5000 -0.6947 0.7193 1.0000 0.3722 0.0000 -0.6947 0.7193
-0.5000 -0.6947 0.7193 0.0000 0.3722 0.0000 -0.6947 0.7193
-0.5000 -0.7193 0.6947 0.0000 0.3778 0.0000 -0.7193 0.6947
0.5000 -0.6947 0.7193 1.0000 0.3722 0.0000 -0.6947 0.7193
-0.5000 -0.7193 0.6947 0.0000 0.3778 0.0000 -0.7193 0.6947
0.5000 -0.7193 0.6947 1.0000 0.3778 0.0000 -0.7193 0.6947
0.5000 -0.7193 0.6947 1.0000 0.3778 0.0000 -0.7193 0.6947
-0.5000 -0.7193 0.6947 0.0000 0.3778 0.0000 -0.7193 0.6947
-0.5000 -0.7431 0.6691 0.0000 0.3833 0.0000 -0.7431 0.6691
0.5000 -0.7193 0.6947 1.0000 0.3778 0.0000 -0.7193 0.6947
-0.5000 -0.7431 0.6691 0.0000 0.3833 0.0000 -0.7431 0.6691
0.5000 -0.7431 0.6691 1.0000 0.3833 0.0000 -0.7431 0.6691
0.5000 -0.7431 0.6691 1.0000 0.3833 0.0000 -0.7431 0.6691
-0.5000 -0.7431 0.6691 0.0000 0.3833 0.0000 -0.7431 0.6691
-0.5000 -0.7660 0.6428 0.0000 0.3889 0.0000 -0.7660 0.6428
0.5000 -0.7431 0.6691 1.0000 0.3833 0.0000 -0.7431 0.6691
-0.5000 -0.7660 0.6428 0.0000 0.3889 0.0000 -0.7660 0.6428
0.5000 -0.7660 0.6428 1.0000 0.3889 0.0000 -0.7660 0.6428
0.5000 -0.7660 0.6428 1.0000 0.3889 0.0000 -0.7660 0.6428
-0.5000 -0.7660 0.6428 0.0000 0.3889 0.0000 -0.7660 0.6428
-0.5000 -0.7880 0.6157 0.0000 0.3944 0.0000 -0.7880 0.6157
0.5000 -0.7660 0.6428 1.0000 0.3889 0.0000 -0.7660 0.6428
-0.5000 -0.7880 0.6157 0.0000 0.3944 0.0000 -0.7880 0.6157
0.5000 -0.7880 0.6157 1.0000 0.3944 0.0000 -0.7880 0.6157
0.5000 -0.7880 0.6157 1.0000 0.3944 0.0000 -0.7880 0.6157
-0.5000 -0.7880 0.6157 0.0000 0.3944 0.0000 -0.7880 0.6157
-0.5000 -0.8090 0.5878 0.0000 0.4000 0.0000 -0.8090 0.5878
0.5000 -0.7880 0.6157 1.0000 0.3944 0.0000 -0.7880 0.6157
-0.5000 -0.8090 0.5878 0.0000 0.4000 0.0000 -0.8090 0.5878
0.5000 -0.8090 0.5878 1.0000 0.4000 0.0000 -0.8090 0.5878
0.5000 -0.8090 0.5878 1.0000 0.4000 0.0000 -0.8090 0.5878
-0.5000 -0.8090 0.5878 0.0000 0.4000 0.0000 -0.8090 0.5878
-0.5000 -0.8290 0.5592 0.0000 0.4056 0.0000 -0.8290 0.5592
0.5000 -0.8090 0.5878 1.0000 0.4000 0.0000 -0.8090 0.5878
-0.5000 -0.8290 0.5592 0.0000 0.4056 0.0000 -0.8290 0.5592
0.5000 -0.8290 0.5592 1.0000 0.4056 0.0000 -0.8290 0.5592
0.5000 -0.8290 0.5592 1.0000 0.4056 0.0000 -0.8290 0.5592
-0.5000 -0.8290 0.5592 0.0000 0.4056 0.0000 -0.8290 0.5592
-0.5000 -0.8480 0.5299 0.0000 0.4111 0.0000 -0.8480 0.5299
0.5000 -0.8290 0.5592 1.0000 0.4056 0.0000 -0.8290 0.5592
-0.5000 -0.8480 0.5299 0.0000 0.4111 0.0000 -0.8480 0.5299
0.5000 -0.8480 0.5299 1.0000 0.4111 0.0000 -0.8480 0.5299
0.5000 -0.8480 0.5299 1.0000 0.4111 0.0000 -0.8480 0.5299
-0.5000 -0.8480 0.5299 0.0000 0.4111 0.0000 -0.8480 0.5299
-0.5000 -0.8660 0.5000 0.0000 0.4167 0.0000 -0.8660 0.5000
0.5000 -0.8480 0.5299 1.0000 0.4111 0.0000 -0.8480 0.5299
-0.5000 -0.8660 0.5000 0.0000 0.4167 0.0000 -0.8660 0.5000
0.5000 -0.8660 0.5000 1.0000 0.4167 0.0000 -0.8660 0.5000
0.5000 -0.8660 0.5000 1.0000 0.4167 0.0000 -0.8660 0.5000
-0.5000 -0.8660 0.5000 0.0000 0.4167 0.0000 -0.8660 0.5000
-0.5000 -0.8829 0.4695 0.0000 0.4222 0.0000 -0.8829 0.4695
0.5000 -0.8660 0.5000 1.0000 0.4167 0.0000 -0.8660 0.5000
-0.5000 -0.8829 0.4695 0.0000 0.4222 0.0000 -0.8829 0.4695
0.5000 -0.8829 0.4695 1.0000 0.4222 0.0000 -0.8829 0.4695
0.5000 -0.8829 0.4695 1.0000 0.4222 0.0000 -0.8829 0.4695
-0.5000 -0.8829 0.4695 0.0000 0.4222 0.0000 -0.8829 0.4695
-0.5000 -0.8988 0.4384 0.0000 0.4278 0.0000 -0.8988 0.4384
0.5000 -0.8829 0.4695 1.0000 0.4222 0.0000 -0.8829 0.4695
-0.5000 -0.8988 0.4384 0.0000 0.4278 0.0000 -0.8988 0.4384
0.5000 -0.8988 0.4384 1.0000 0.4278 0.0000 -0.8988 0.4384
0.5000 -0.8988 0.4384 1.0000 0.4278 0.0000 -0.8988 0.4384
-0.5000 -0.8988 0.4384 0.0000 0.4278 0.0000 -0.8988 0.4384
-0.5000 -0.9135 0.4067 0.0000 0.4333 0.0000 -0.9135 0.4067
0.5000 -0.8988 0.4384 1.0000 0.4278 0.0000 -0.8988 0.4384
-0.5000 -0.9135 0.4067 0.0000 0.4333 0.0000 -0.9135 0.4067
0.5000 -0.9135 0.4067 1.0000 0.4333 0.0000 -0.9135 0.4067
0.5000 -0.9135 0.4067 1.0000 0.4333 0.0000 -0.9135 0.4067
-0.5000 -0.9135 0.4067 0.0000 0.4333 0.0000 -0.9135 0.4067
-0.5000 -0.9272 0.3746 0.0000 0.4389 0.0000 -0.9272 0.3746
0.5000 -0.9135 0.4067 1.0000 0.4333 0.0000 -0.9135 0.4067
-0.5000 -0.9272 0.3746 0.0000 0.4389 0.0000 -0.9272 0.3746
0.5000 -0.9272 0.3746 1.0000 0.4389 0.0000 -0.9272 0.3746
0.5000 -0.9272 0.3746 1.0000 0.4389 0.0000 -0.9272 0.3746
-0.5000 -0.9272 0.3746 0.0000 0.4389 0.0000 -0.9272 0.3746
-0.5000 -0.9397 0.3420 0.0000 0.4444 0.0000 -0.9397 0.3420
0.5000 -0.9272 0.3746 1.0000 0.4389 0.0000 -0.9272 0.3746
-0.5000 -0.9397 0.3420 0.0000 0.4444 0.0000 -0.9397 0.3420
0.5000 -0.9397 0.3420 1.0000 0.4444 0.0000 -0.9397 0.3420
0.5000 -0.9397 0.3420 1.0000 0.4444 0.0000 -0.9397 0.3420
-0.5000 -0.9397 0.3420 0.0000 0.4444 0.0000 -0.9397 0.3420
-0.5000 -0.9511 0.3090 0.0000 0.4500 0.0000 -0.9511 0.3090
0.5000 -0.9397 0.3420 1.0000 0.4444 0.0000 -0.9397 0.3420
-0.5000 -0.9511 0.3090 0.0000 0.4500 0.0000 -0.9511 0.3090
0.5000 -0.9511 0.3090 1.0000 0.4500 0.0000 -0.9511 0.3090
0.5000 -0.9511 0.3090 1.0000 0.4500 0.0000 -0.9511 0.3090
-0.5000 -0.9511 0.3090 0.0000 0.4500 0.0000 -0.9511 0.3090
-0.5000 -0.9613 0.2756 0.0000 0.4556 0.0000 -0.9613 0.2756
0.5000 -0.9511 0.3090 1.0000 0.4500 0.0000 -0.9511 0.3090
-0.5000 -0.9613 0.2756 0.0000 0.4556 0.0000 -0.9613 0.2756
0.5000 -0.9613 0.2756 1.0000 0.4556 0.0000 -0.9613 0.2756
0.5000 -0.9613 0.2756 1.0000 0.4556 0.0000 -0.9613 0.2756
-0.5000 -0.9613 0.2756 0.0000 0.4556 0.0000 -0.9613 0.2756
-0.5000 -0.9703 0.2419 0.0000 0.4611 0.0000 -0.9703 0.2419
0.5000 -0.9613 0.2756 1.0000 0.4556 0.0000 -0.9613 0.2756
-0.5000 -0.9703 0.2419 0.0000 0.4611 0.0000 -0.9703 0.2419
0.5000 -0.9703 0.2419 1.0000 0.4611 0.0000 -0.9703 0.2419
0.5000 -0.9703 0.2419 1.0000 0.4611 0.0000 -0.9703 0.2419
-0.5000 -0.9703 0.2419 0.0000 0.4611 0.0000 -0.9703 0.2419
-0.5000 -0.9781 0.2079 0.0000 0.4667 0.0000 -0.9781 0.2079
0.5000 -0.9703 0.2419 1.0000 0.4611 0.0000 -0.9703 0.2419
-0.5000 -0.9781 0.2079 0.0000 0.4667 0.0000 -0.9781 0.2079
0.5000 -0.9781 0.2079 1.0000 0.4667 0.0000 -0.9781 0.2079
0.5000 -0.9781 0.2079 1.0000 0.4667 0.0000 -0.9781 0.2079
-0.5000 -0.9781 0.2079 0.0000 0.4667 0.0000 -0.9781 0.2079
-0.5000 -0.9848 0.1736 0.0000 0.4722 0.0000 -0.9848 0.1736
0.5000 -0.9781 0.2079 1.0000 0.4667 0.0000 -0.9781 0.2079
-0.5000 -0.9848 0.1736 0.0000 0.4722 0.0000 -0.9848 0.1736
0.5000 -0.9848 0.1736 1.0000 0.4722 0.0000 -0.9848 0.1736
0.5000 -0.9848 0.1736 1.0000 0.4722 0.0000 -0.9848 0.1736
-0.5000 -0.9848 0.1736 0.0000 0.4722 0.0000 -0.9848 0.1736
-0.5000 -0.9903 0.1392 0.0000 0.4778 0.0000 -0.9903 0.1392
0.5000 -0.9848 0.1736 1.0000 0.4722 0.0000 -0.9848 0.1736
-0.5000 -0.9903 0.1392 0.0000 0.4778 0.0000 -0.9903 0.1392
0.5000 -0.9903 0.1392 1.0000 0.4778 0.0000 -0.9903 0.1392
0.5000 -0.9903 0.1392 1.0000 0.4778 0.0000 -0.9903 0.1392
-0.5000 -0.9903 0.1392 0.0000 0.4778 0.0000 -0.9903 0.1392
-0.5000 -0.9945 0.1045 0.0000 0.4833 0.0000 -0.9945 0.1045
0.5000 -0.9903 0.1392 1.0000 0.4778 0.0000 -0.9903 0.1392
-0.5000 -0.9945 0.1045 0.0000 0.4833 0.0000 -0.9945 0.1045
0.5000 -0.9945 0.1045 1.0000 0.4833 0.0000 -0.9945 0.1045
0.5000 -0.9945 0.1045 1.0000 0.4833 0.0000 -0.9945 0.1045
-0.5000 -0.9945 0.1045 0.0000 0.4833 0.0000 -0.9945 0.1045
-0.5000 -0.9976 0.0698 0.0000 0.4889 0.0000 -0.9976 0.0698
0.5000 -0.9945 0.1045 1.0000 0.4833 0.0000 -0.9945 0.1045
-0.5000 -0.9976 0.0698 0.0000 0.4889 0.0000 -0.9976 0.0698
0.5000 -0.9976 0.0698 1.0000 0.4889 0.0000 -0.9976 0.0698
0.5000 -0.9976 0.0698 1.0000 0.4889 0.0000 -0.9976 0.0698
-0.5000 -0.9976 0.0698 0.0000 0.4889 0.0000 -0.9976 0.0698
-0.5000 -0.9994 0.0349 0.0000 0.4944 0.0000 -0.9994 0.0349
0.5000 -0.9976 0.0698 1.0000 0.4889 0.0000 -0.9976 0.0698
-0.5000 -0.9994 0.0349 0.0000 0.4944 0.0000 -0.9994 0.0349
0.5000 -0.9994 0.0349 1.0000 0.4944 0.0000 -0.9994 0.0349
0.5000 -0.9994 0.0349 1.0000 0.4944 0.0000 -0.9994 0.0349
-0.5000 -0.9994 0.0349 0.0000 0.4944 0.0000 -0.9994 0.0349
-0.5000 -1.0000 0.0000 0.0000 0.5000 0.0000 -1.0000 0.0000
0.5000 -0.9994 0.0349 1.0000 0.4944 0.0000 -0.9994 0.0349
-0.5000 -1.0000 0.0000 0.0000 0.5000 0.0000 -1.0000 0.0000
0.5000 -1.0000 0.0000 1.0000 0.5000 0.0000 -1.0000 0.0000
0.5000 -1.0000 0.0000 1.0000 0.5000 0.0000 -1.0000 0.0000
-0.5000 -1.0000 0.0000 0.0000 0.5000 0.0000 -1.0000 0.0000
-0.5000 -0.9994 -0.0349 0.0000 0.5056 0.0000 -0.9994 -0.0349
0.5000 -1.0000 0.0000 1.0000 0.5000 0.0000 -1.0000 0.0000
-0.5000 -0.9994 -0.0349 0.0000 0.5056 0.0000 -0.9994 -0.0349
0.5000 -0.9994 -0.0349 1.0000 0.5056 0.0000 -0.9994 -0.0349
0.5000 -0.9994 -0.0349 1.0000 0.5056 0.0000 -0.9994 -0.0349
-0.5000 -0.9994 -0.0349 0.0000 0.5056 0.0000 -0.9994 -0.0349
-0.5000 -0.9976 -0.0698 0.0000 0.5111 0.0000 -0.9976 -0.0698
0.5000 -0.9994 -0.0349 1.0000 0.5056 0.0000 -0.9994 -0.0349
-0.5000 -0.9976 -0.0698 0.0000 0.5111 0.0000 -0.9976 -0.0698
0.5000 -0.9976 -0.0698 1.0000 0.5111 0.0000 -0.9976 -0.0698
0.5000 -0.9976 -0.0698 1.0000 0.5111 0.0000 -0.9976 -0.0698
-0.5000 -0.9976 -0.0698 0.0000 0.5111 0.0000 -0.9976 -0.0698
-0.5000 -0.9945 -0.1045 0.0000 0.5167 0.0000 -0.9945 -0.1045
0.5000 -0.9976 -0.0698 1.0000 0.5111 0.0000 -0.9976 -0.0698
-0.5000 -0.9945 -0.1045 0.0000 0.5167 0.0000 -0.9945 -0.1045
0.5000 -0.9945 -0.1045 1.0000 0.5167 0.0000 -0.9945 -0.1045
0.5000 -0.9945 -0.1045 1.0000 0.5167 0.0000 -0.9945 -0.1045
-0.5000 -0.9945 -0.1045 0.0000 0.5167 0.0000 -0.9945 -0.1045
-0.5000 -0.9903 -0.1392 0.0000 0.5222 0.0000 -0.9903 -0.1392
0.5000 -0.9945 -0.1045 1.0000 0.5167 0.0000 -0.9945 -0.1045
-0.5000 -0.9903 -0.1392 0.0000 0.5222 0.0000 -0.9903 -0.1392
0.5000 -0.9903 -0.1392 1.0000 0.5222 0.0000 -0.9903 -0.1392
0.5000 -0.9903 -0.1392 1.0000 0.5222 0.0000 -0.9903 -0.1392
-0.5000 -0.9903 -0.1392 0.0000 0.5222 0.0000 -0.9903 -0.1392
-0.5000 -0.9848 -0.1736 0.0000 0.5278 0.0000 -0.9848 -0.1736
0.5000 -0.9903 -0.1392 1.0000 0.5222 0.0000 -0.9903 -0.1392
-0.5000 -0.9848 -0.1736 0.0000 0.5278 0.0000 -0.9848 -0.1736
0.5000 -0.9848 -0.1736 1.0000 0.5278 0.0000 -0.9848 -0.1736
0.5000 -0.9848 -0.1736 1.0000 0.5278 0.0000 -0.9848 -0.1736
-0.5000 -0.9848 -0.1736 0.0000 0.5278 0.0000 -0.9848 -0.1736
-0.5000 -0.9781 -0.2079 0.0000 0.5333 0.0000 -0.9781 -0.2079
0.5000 -0.9848 -0.1736 1.0000 0.5278 0.0000 -0.9848 -0.1736
-0.5000 -0.9781 -0.2079 0.0000 0.5333 0.0000 -0.9781 -0.2079
0.5000 -0.9781 -0.2079 1.0000 0.5333 0.0000 -0.9781 -0.2079
0.5000 -0.9781 -0.2079 1.0000 0.5333 0.0000 -0.9781 -0.2079
-0.5000 -0.9781 -0.2079 0.0000 0.5333 0.0000 -0.9781 -0.2079
-0.5000 -0.9703 -0.2419 0.0000 0.5389 0.0000 -0.9703 -0.2419
0.5000 -0.9781 -0.2079 1.0000 0.5333 0.0000 -0.9781 -0.2079
-0.5000 -0.9703 -0.2419 0.0000 0.5389 0.0000 -0.9703 -0.2419
0.5000 -0.9703 -0.2419 1.0000 0.5389 0.0000 -0.9703 -0.2419
0.5000 -0.9703 -0.2419 1.0000 0.5389 0.0000 -0.9703 -0.2419
-0.5000 -0.9703 -0.2419 0.0000 0.5389 0.0000 -0.9703 -0.2419
-0.5000 -0.9613 -0.2756 0.0000 0.5444 0.0000 -0.9613 -0.2756
0.5000 -0.9703 -0.2419 1.0000 0.5389 0.0000 -0.9703 -0.2419
-0.5000 -0.9613 -0.2756 0.0000 0.5444 0.0000 -0.9613 -0.2756
0.5000 -0.9613 -0.2756 1.0000 0.5444 0.0000 -0.9613 -0.2756
0.5000 -0.9613 -0.2756 1.0000 0.5444 0.0000 -0.9613 -0.2756
-0.5000 -0.9613 -0.2756 0.0000 0.5444 0.0000 -0.9613 -0.2756
-0.5000 -0.9511 -0.3090 0.0000 0.5500 0.0000 -0.9511 -0.3090
0.5000 -0.9613 -0.2756 1.0000 0.5444 0.0000 -0.9613 -0.2756
-0.5000 -0.9511 -0.3090 0.0000 0.5500 0.0000 -0.9511 -0.3090
0.5000 -0.9511 -0.3090 1.0000 0.5500 0.0000 -0.9511 -0.3090
0.5000 -0.9511 -0.3090 1.0000 0.5500 0.0000 -0.9511 -0.3090
-0.5000 -0.9511 -0.3090 0.0000 0.5500 0.0000 -0.9511 -0.3090
-0.5000 -0.9397 -0.3420 0.0000 0.5556 0.0000 -0.9397 -0.3420
0.5000 -0.9511 -0.3090 1.0000 0.5500 0.0000 -0.9511 -0.3090
-0.5000 -0.9397 -0.3420 0.0000 0.5556 0.0000 -0.9397 -0.3420
0.5000 -0.9397 -0.3420 1.0000 0.5556 0.0000 -0.9397 -0.3420
0.5000 -0.9397 -0.3420 1.0000 0.5556 0.0000 -0.9397 -0.3420
-0.5000 -0.9397 -0.3420 0.0000 0.5556 0.0000 -0.9397 -0.3420
-0.5000 -0.9272 -0.3746 0.0000 0.5611 0.0000 -0.9272 -0.3746
0.5000 -0.9397 -0.3420 1.0000 0.5556 0.0000 -0.9397 -0.3420
-0.5000 -0.9272 -0.3746 0.0000 0.5611 0.0000 -0.9272 -0.3746
0.5000 -0.9272 -0.3746 1.0000 0.5611 0.0000 -0.9272 -0.3746
0.5000 -0.9272 -0.3746 1.0000 0.5611 0.0000 -0.9272 -0.3746
-0.5000 -0.9272 -0.3746 0.0000 0.5611 0.0000 -0.9272 -0.3746
-0.5000 -0.9135 -0.4067 0.0000 0.5667 0.0000 -0.9135 -0.4067
0.5000 -0.9272 -0.3746 1.0000 0.5611 0.0000 -0.9272 -0.3746
-0.5000 -0.9135 -0.4067 0.0000 0.5667 0.0000 -0.9135 -0.4067
0.5000 -0.9135 -0.4067 1.0000 0.5667 0.0000 -0.9135 -0.4067
0.5000 -0.9135 -0.4067 1.0000 0.5667 0.0000 -0.9135 -0.4067
-0.5000 -0.9135 -0.4067 0.0000 0.5667 0.0000 -0.9135 -0.4067
-0.5000 -0.8988 -0.4384 0.0000 0.5722 0.0000 -0.8988 -0.4384
0.5000 -0.9135 -0.4067 1.0000 0.5667 0.0000 -0.9135 -0.4067
-0.5000 -0.8988 -0.4384 0.0000 0.5722 0.0000 -0.8988 -0.4384
0.5000 -0.8988 -0.4384 1.0000 0.5722 0.0000 -0.8988 -0.4384
0.5000 -0.8988 -0.4384 1.0000 0.5722 0.0000 -0.8988 -0.4384
-0.5000 -0.8988 -0.4384 0.0000 0.5722 0.0000 -0.8988 -0.4384
-0.5000 -0.8829 -0.4695 0.0000 0.5778 0.0000 -0.8829 -0.4695
0.5000 -0.8988 -0.4384 1.0000 0.5722 0.0000 -0.8988 -0.4384
-0.5000 -0.8829 -0.4695 0.0000 0.5778 0.0000 -0.8829 -0.4695
0.5000 -0.8829 -0.4695 1.0000 0.5778 0.0000 -0.8829 -0.4695
0.5000 -0.8829 -0.4695 1.0000 0.5778 0.0000 -0.8829 -0.4695
-0.5000 -0.8829 -0.4695 0.0000 0.5778 0.0000 -0.8829 -0.4695
-0.5000 -0.8660 -0.5000 0.0000 0.5833 0.0000 -0.8660 -0.5000
0.5000 -0.8829 -0.4695 1.0000 0.5778 0.0000 -0.8829 -0.4695
-0.5000 -0.8660 -0.5000 0.0000 0.5833 0.0000 -0.8660 -0.5000
0.5000 -0.8660 -0.5000 1.0000 0.5833 0.0000 -0.8660 -0.5000
0.5000 -0.8660 -0.5000 1.0000 0.5833 0.0000 -0.8660 -0.5000
-0.5000 -0.8660 -0.5000 0.0000 0.5833 0.0000 -0.8660 -0.5000
-0.5000 -0.8480 -0.5299 0.0000 0.5889 0.0000 -0.8480 -0.5299
0.5000 -0.8660 -0.5000 1.0000 0.5833 0.0000 -0.8660 -0.5000
-0.5000 -0.8480 -0.5299 0.0000 0.5889 0.0000 -0.8480 -0.5299
0.5000 -0.8480 -0.5299 1.0000 0.5889 0.0000 -0.8480 -0.5299
0.5000 -0.8480 -0.5299 1.0000 0.5889 0.0000 -0.8480 -0.5299
-0.5000 -0.8480 -0.5299 0.0000 0.5889 0.0000 -0.8480 -0.5299
-0.5000 -0.8290 -0.5592 0.0000 0.5944 0.0000 -0.8290 -0.5592
0.5000 -0.8480 -0.5299 1.0000 0.5889 0.0000 -0.8480 -0.5299
-0.5000 -0.8290 -0.5592 0.0000 0.5944 0.0000 -0.8290 -0.5592
0.5000 -0.8290 -0.5592 1.0000 0.5944 0.0000 -0.8290 -0.5592
0.5000 -0.8290 -0.5592 1.0000 0.5944 0.0000 -0.8290 -0.5592
-0.5000 -0.8290 -0.5592 0.0000 0.5944 0.0000 -0.8290 -0.5592
-0.5000 -0.8090 -0.5878 0.0000 0.6000 0.0000 -0.8090 -0.5878
0.5000 -0.8290 -0.5592 1.0000 0.5944 0.0000 -0.8290 -0.5592
-0.5000 -0.8090 -0.5878 0.0000 0.6000 0.0000 -0.8090 -0.5878
0.5000 -0.8090 -0.5878 1.0000 0.6000 0.0000 -0.8090 -0.5878
0.5000 -0.8090 -0.5878 1.0000 0.6000 0.0000 -0.8090 -0.5878
-0.5000 -0.8090 -0.5878 0.0000 0.6000 0.0000 -0.8090 -0.5878
-0.5000 -0.7880 -0.6157 0.0000 0.6056 0.0000 -0.7880 -0.6157
0.5000 -0.8090 -0.5878 1.0000 0.6000 0.0000 -0.8090 -0.5878
-0.5000 -0.7880 -0.6157 0.0000 0.6056 0.0000 -0.7880 -0.6157
0.5000 -0.7880 -0.6157 1.0000 0.6056 0.0000 -0.7880 -0.6157
0.5000 -0.7880 -0.6157 1.0000 0.6056 0.0000 -0.7880 -0.6157
-0.5000 -0.7880 -0.6157 0.0000 0.6056 0.0000 -0.7880 -0.6157
-0.5000 -0.7660 -0.6428 0.0000 0.6111 0.0000 -0.7660 -0.6428
0.5000 -0.7880 -0.6157 1.0000 0.6056 0.0000 -0.7880 -0.6157
-0.5000 -0.7660 -0.6428 0.0000 0.6111 0.0000 -0.7660 -0.6428
0.5000 -0.7660 -0.6428 1.0000 0.6111 0.0000 -0.7660 -0.6428
0.5000 -0.7660 -0.6428 1.0000 0.6111 0.0000 -0.7660 -0.6428
-0.5000 -0.7660 -0.6428 0.0000 0.6111 0.0000 -0.7660 -0.6428
-0.5000 -0.7431 -0.6691 0.0000 0.6167 0.0000 -0.7431 -0.6691
0.5000 -0.7660 -0.6428 1.0000 0.6111 0.0000 -0.7660 -0.6428
-0.5000 -0.7431 -0.6691 0.0000 0.6167 0.0000 -0.7431 -0.6691
0.5000 -0.7431 -0.6691 1.0000 0.6167 0.0000 -0.7431 -0.6691
0.5000 -0.7431 -0.6691 1.0000 0.6167 0.0000 -0.7431 -0.6691
-0.5000 -0.7431 -0.6691 0.0000 0.6167 0.0000 -0.7431 -0.6691
-0.5000 -0.7193 -0.6947 0.0000 0.6222 0.0000 -0.7193 -0.6947
0.5000 -0.7431 -0.6691 1.0000 0.6167 0.0000 -0.7431 -0.6691
-0.5000 -0.7193 -0.6947 0.0000 0.6222 0.0000 -0.7193 -0.6947
0.5000 -0.7193 -0.6947 1.0000 0.6222 0.0000 -0.7193 -0.6947
0.5000 -0.7193 -0.6947 1.0000 0.6222 0.0000 -0.7193 -0.6947
-0.5000 -0.7193 -0.6947 0.0000 0.6222 0.0000 -0.7193 -0.6947
-0.5000 -0.6947 -0.7193 0.0000 0.6278 0.0000 -0.6947 -0.7193
0.5000 -0.7193 -0.6947 1.0000 0.6222 0.0000 -0.7193 -0.6947
-0.5000 -0.6947 -0.7193 0.0000 0.6278 0.0000 -0.6947 -0.7193
0.5000 -0.6947 -0.7193 1.0000 0.6278 0.0000 -0.6947 -0.7193
0.5000 -0.6947 -0.7193 1.0000 0.6278 0.0000 -0.6947 -0.7193
-0.5000 -0.6947 -0.7193 0.0000 0.6278 0.0000 -0.6947 -0.7193
-0.5000 -0.6691 -0.7431 0.0000 0.6333 0.0000 -0.6691 -0.7431
0.5000 -0.6947 -0.7193 1.0000 0.6278 0.0000 -0.6947 -0.7193
-0.5000 -0.6691 -0.7431 0.0000 0.6333 0.0000 -0.6691 -0.7431
0.5000 -0.6691 -0.7431 1.0000 0.6333 0.0000 -0.6691 -0.7431
0.5000 -0.6691 -0.7431 1.0000 0.6333 0.0000 -0.6691 -0.7431
-0.5000 -0.6691 -0.7431 0.0000 0.6333 0.0000 -0.6691 -0.7431
-0.5000 -0.6428 -0.7660 0.0000 0.6389 0.0000 -0.6428 -0.7660
0.5000 -0.6691 -0.7431 1.0000 0.6333 0.0000 -0.6691 -0.7431
-0.5000 -0.6428 -0.7660 0.0000 0.6389 0.0000 -0.6428 -0.7660
0.5000 -0.6428 -0.7660 1.0000 0.6389 0.0000 -0.6428 -0.7660
0.5000 -0.6428 -0.7660 1.0000 0.6389 0.0000 -0.6428 -0.7660
-0.5000 -0.6428 -0.7660 0.0000 0.6389 0.0000 -0.6428 -0.7660
-0.5000 -0.6157 -0.7880 0.0000 0.6444 0.0000 -0.6157 -0.7880
0.5000 -0.6428 -0.7660 1.0000 0.6389 0.0000 -0.6428 -0.7660
-0.5000 -0.6157 -0.7880 0.0000 0.6444 0.0000 -0.6157 -0.7880
0.5000 -0.6157 -0.7880 1.0000 0.6444 0.0000 -0.6157 -0.7880
0.5000 -0.6157 -0.7880 1.0000 0.6444 0.0000 -0.6157 -0.7880
-0.5000 -0.6157 -0.7880 0.0000 0.6444 0.0000 -0.6157 -0.7880
-0.5000 -0.5878 -0.8090 0.0000 0.6500 0.0000 -0.5878 -0.8090
0.5000 -0.6157 -0.7880 1.0000 0.6444 0.0000 -0.6157 -0.7880
-0.5000 -0.5878 -0.8090 0.0000 0.6500 0.0000 -0.5878 -0.8090
0.5000 -0.5878 -0.8090 1.0000 0.6500 0.0000 -0.5878 -0.8090
0.5000 -0.5878 -0.8090 1.0000 0.6500 0.0000 -0.5878 -0.8090
-0.5000 -0.5878 -0.8090 0.0000 0.6500 0.0000 -0.5878 -0.8090
-0.5000 -0.5592 -0.8290 0.0000 0.6556 0.0000 -0.5592 -0.8290
0.5000 -0.5878 -0.8090 1.0000 0.6500 0.0000 -0.5878 -0.8090
-0.5000 -0.5592 -0.8290 0.0000 0.6556 0.0000 -0.5592 -0.8290
0.5000 -0.5592 -0.8290 1.0000 0.6556 0.0000 -0.5592 -0.8290
0.5000 -0.5592 -0.8290 1.0000 0.6556 0.0000 -0.5592 -0.8290
-0.5000 -0.5592 -0.8290 0.0000 0.6556 0.0000 -0.5592 -0.8290
-0.5000 -0.5299 -0.8480 0.0000 0.6611 0.0000 -0.5299 -0.8480
0.5000 -0.5592 -0.8290 1.0000 0.6556 0.0000 -0.5592 -0.8290
-0.5000 -0.5299 -0.8480 0.0000 0.6611 0.0000 -0.5299 -0.8480
0.5000 -0.5299 -0.8480 1.0000 0.6611 0.0000 -0.5299 -0.8480
0.5000 -0.5299 -0.8480 1.0000 0.6611 0.0000 -0.5299 -0.8480
-0.5000 -0.5299 -0.8480 0.0000 0.6611 0.0000 -0.5299 -0.8480
-0.5000 -0.5000 -0.8660 0.0000 0.6667 0.0000 -0.5000 -0.8660
0.5000 -0.5299 -0.8480 1.0000 0.6611 0.0000 -0.5299 -0.8480
-0.5000 -0.5000 -0.8660 0.0000 0.6667 0.0000 -0.5000 -0.8660
0.5000 -0.5000 -0.8660 1.0000 0.6667 0.0000 -0.5000 -0.8660
0.5000 -0.5000 -0.8660 1.0000 0.6667 0.0000 -0.5000 -0.8660
-0.5000 -0.5000 -0.8660 0.0000 0.6667 0.0000 -0.5000 -0.8660
-0.5000 -0.4695 -0.8829 0.0000 0.6722 0.0000 -0.4695 -0.8829
0.5000 -0.5000 -0.8660 1.0000 0.6667 0.0000 -0.5000 -0.8660
-0.5000 -0.4695 -0.8829 0.0000 0.6722 0.0000 -0.4695 -0.8829
0.5000 -0.4695 -0.8829 1.0000 0.6722 0.0000 -0.4695 -0.8829
0.5000 -0.4695 -0.8829 1.0000 0.6722 0.0000 -0.4695 -0.8829
-0.5000 -0.4695 -0.8829 0.0000 0.6722 0.0000 -0.4695 -0.8829
-0.5000 -0.4384 -0.8988 0.0000 0.6778 0.0000 -0.4384 -0.8988
0.5000 -0.4695 -0.8829 1.0000 0.6722 0.0000 -0.4695 -0.8829
-0.5000 -0.4384 -0.8988 0.0000 0.6778 0.0000 -0.4384 -0.8988
0.5000 -0.4384 -0.8988 1.0000 0.6778 0.0000 -0.4384 -0.8988
0.5000 -0.4384 -0.8988 1.0000 0.6778 0.0000 -0.4384 -0.8988
-0.5000 -0.4384 -0.8988 0.0000 0.6778 0.0000 -0.4384 -0.8988
-0.5000 -0.4067 -0.9135 0.0000 0.6833 0.0000 -0.4067 -0.9135
0.5000 -0.4384 -0.8988 1.0000 0.6778 0.0000 -0.4384 -0.8988
-0.5000 -0.4067 -0.9135 0.0000 0.6833 0.0000 -0.4067 -0.9135
0.5000 -0.4067 -0.9135 1.0000 0.6833 0.0000 -0.4067 -0.9135
0.5000 -0.4067 -0.9135 1.0000 0.6833 0.0000 -0.4067 -0.9135
-0.5000 -0.4067 -0.9135 0.0000 0.6833 0.0000 -0.4067 -0.9135
-0.5000 -0.3746 -0.9272 0.0000 0.6889 0.0000 -0.3746 -0.9272
0.5000 -0.4067 -0.9135 1.0000 0.6833 0.0000 -0.4067 -0.9135
-0.5000 -0.3746 -0.9272 0.0000 0.6889 0.0000 -0.3746 -0.9272
0.5000 -0.3746 -0.9272 1.0000 0.6889 0.0000 -0.3746 -0.9272
0.5000 -0.3746 -0.9272 1.0000 0.6889 0.0000 -0.3746 -0.9272
-0.5000 -0.3746 -0.9272 0.0000 0.6889 0.0000 -0.3746 -0.9272
-0.5000 -0.3420 -0.9397 0.0000 0.6944 0.0000 -0.3420 -0.9397
0.5000 -0.3746 -0.9272 1.0000 0.6889 0.0000 -0.3746 -0.9272
-0.5000 -0.3420 -0.9397 0.0000 0.6944 0.0000 -0.3420 -0.9397
0.5000 -0.3420 -0.9397 1.0000 0.6944 0.0000 -0.3420 -0.9397
0.5000 -0.3420 -0.9397 1.0000 0.6944 0.0000 -0.3420 -0.9397
-0.5000 -0.3420 -0.9397 0.0000 0.6944 0.0000 -0.3420 -0.9397
-0.5000 -0.3090 -0.9510 0.0000 0.7000 0.0000 -0.3090 -0.9510
0.5000 -0.3420 -0.9397 1.0000 0.6944 0.0000 -0.3420 -0.9397
-0.5000 -0.3090 -0.9510 0.0000 0.7000 0.0000 -0.3090 -0.9510
0.5000 -0.3090 -0.9510 1.0000 0.7000 0.0000 -0.3090 -0.9510
0.5000 -0.3090 -0.9510 1.0000 0.7000 0.0000 -0.3090 -0.9510
-0.5000 -0.3090 -0.9510 0.0000 0.7000 0.0000 -0.3090 -0.9510
-0.5000 -0.2756 -0.9613 0.0000 0.7056 0.0000 -0.2756 -0.9613
0.5000 -0.3090 -0.9510 1.0000 0.7000 0.0000 -0.3090 -0.9510
-0.5000 -0.2756 -0.9613 0.0000 0.7056 0.0000 -0.2756 -0.9613
0.5000 -0.2756 -0.9613 1.0000 0.7056 0.0000 -0.2756 -0.9613
0.5000 -0.2756 -0.9613 1.0000 0.7056 0.0000 -0.2756 -0.9613
-0.5000 -0.2756 -0.9613 0.0000 0.7056 0.0000 -0.2756 -0.9613
-0.5000 -0.2419 -0.9703 0.0000 0.7111 0.0000 -0.2419 -0.9703
0.5000 -0.2756 -0.9613 1.0000 0.7056 0.0000 -0.2756 -0.9613
-0.5000 -0.2419 -0.9703 0.0000 0.7111 0.0000 -0.2419 -0.9703
0.5000 -0.2419 -0.9703 1.0000 0.7111 0.0000 -0.2419 -0.9703
0.5000 -0.2419 -0.9703 1.0000 0.7111 0.0000 -0.2419 -0.9703
-0.5000 -0.2419 -0.9703 0.0000 0.7111 0.0000 -0.2419 -0.9703
-0.5000 -0.2079 -0.9781 0.0000 0.7167 0.0000 -0.2079 -0.9781
0.5000 -0.2419 -0.9703 1.0000 0.7111 0.0000 -0.2419 -0.9703
-0.5000 -0.2079 -0.9781 0.0000 0.7167 0.0000 -0.2079 -0.9781
0.5000 -0.2079 -0.9781 1.0000 0.7167 0.0000 -0.2079 -0.9781
0.5000 -0.2079 -0.9781 1.0000 0.7167 0.0000 -0.2079 -0.9781
-0.5000 -0.2079 -0.9781 0.0000 0.7167 0.0000 -0.2079 -0.9781
-0.5000 -0.1736 -0.9848 0.0000 0.7222 0.0000 -0.1736 -0.9848
0.5000 -0.2079 -0.9781 1.0000 0.7167 0.0000 -0.2079 -0.9781
-0.5000 -0.1736 -0.9848 0.0000 0.7222 0.0000 -0.1736 -0.9848
0.5000 -0.1736 -0.9848 1.0000 0.7222 0.0000 -0.1736 -0.9848
0.5000 -0.1736 -0.9848 1.0000 0.7222 0.0000 -0.1736 -0.9848
-0.5000 -0.1736 -0.9848 0.0000 0.7222 0.0000 -0.1736 -0.9848
-0.5000 -0.1392 -0.9903 0.0000 0.7278 0.0000 -0.1392 -0.9903
0.5000 -0.1736 -0.9848 1.0000 0.7222 0.0000 -0.1736 -0.9848
-0.5000 -0.1392 -0.9903 0.0000 0.7278 0.0000 -0.1392 -0.9903
0.5000 -0.1392 -0.9903 1.0000 0.7278 0.0000 -0.1392 -0.9903
0.5000 -0.1392 -0.9903 1.0000 0.7278 0.0000 -0.1392 -0.9903
-0.5000 -0.1392 -0.9903 0.0000 0.7278 0.0000 -0.1392 -0.9903
-0.5000 -0.1045 -0.9945 0.0000 0.7333 0.0000 -0.1045 -0.9945
0.5000 -0.1392 -0.9903 1.0000 0.7278 0.0000 -0.1392 -0.9903
-0.5000 -0.1045 -0.9945 0.0000 0.7333 0.0000 -0.1045 -0.9945
0.5000 -0.1045 -0.9945 1.0000 0.7333 0.0000 -0.1045 -0.9945
0.5000 -0.1045 -0.9945 1.0000 0.7333 0.0000 -0.1045 -0.9945
-0.5000 -0.1045 -0.9945 0.0000 0.7333 0.0000 -0.1045 -0.9945
-0.5000 -0.0698 -0.9976 0.0000 0.7389 0.0000 -0.0698 -0.9976
0.5000 -0.1045 -0.9945 1.0000 0.7333 0.0000 -0.1045 -0.9945
-0.5000 -0.0698 -0.9976 0.0000 0.7389 0.0000 -0.0698 -0.9976
0.5000 -0.0698 -0.9976 1.0000 0.7389 0.0000 -0.0698 -0.9976
0.5000 -0.0698 -0.9976 1.0000 0.7389 0.0000 -0.0698 -0.9976
-0.5000 -0.0698 -0.9976 0.0000 0.7389 0.0000 -0.0698 -0.9976
-0.5000 -0.0349 -0.9994 0.0000 0.7444 0.0000 -0.0349 -0.9994
0.5000 -0.0698 -0.9976 1.0000 0.7389 0.0000 -0.0698 -0.9976
-0.5000 -0.0349 -0.9994 0.0000 0.7444 0.0000 -0.0349 -0.9994
0.5000 -0.0349 -0.9994 1.0000 0.7444 0.0000 -0.0349 -0.9994
0.5000 -0.0349 -0.9994 1.0000 0.7444 0.0000 -0.0349 -0.9994
-0.5000 -0.0349 -0.9994 0.0000 0.7444 0.0000 -0.0349 -0.9994
-0.5000 -0.0000 -1.0000 0.0000 0.7500 0.0000 -0.0000 -1.0000
0.5000 -0.0349 -0.9994 1.0000 0.7444 0.0000 -0.0349 -0.9994
-0.5000 -0.0000 -1.0000 0.0000 0.7500 0.0000 -0.0000 -1.0000
0.5000 -0.0000 -1.0000 1.0000 0.7500 0.0000 -0.0000 -1.0000
0.5000 -0.0000 -1.0000 1.0000 0.7500 0.0000 -0.0000 -1.0000
-0.5000 -0.0000 -1.0000 0.0000 0.7500 0.0000 -0.0000 -1.0000
-0.5000 0.0349 -0.9994 0.0000 0.7556 0.0000 0.0349 -0.9994
0.5000 -0.0000 -1.0000 1.0000 0.7500 0.0000 -0.0000 -1.0000
-0.5000 0.0349 -0.9994 0.0000 0.7556 0.0000 0.0349 -0.9994
0.5000 0.0349 -0.9994 1.0000 0.7556 0.0000 0.0349 -0.9994
0.5000 0.0349 -0.9994 1.0000 0.7556 0.0000 0.0349 -0.9994
-0.5000 0.0349 -0.9994 0.0000 0.7556 0.0000 0.0349 -0.9994
-0.5000 0.0698 -0.9976 0.0000 0.7611 0.0000 0.0698 -0.9976
0.5000 0.0349 -0.9994 1.0000 0.7556 0.0000 0.0349 -0.9994
-0.5000 0.0698 -0.9976 0.0000 0.7611 0.0000 0.0698 -0.9976
0.5000 0.0698 -0.9976 1.0000 0.7611 0.0000 0.0698 -0.9976
0.5000 0.0698 -0.9976 1.0000 0.7611 0.0000 0.0698 -0.9976
-0.5000 0.0698 -0.9976 0.0000 0.7611 0.0000 0.0698 -0.9976
-0.5000 0.1045 -0.9945 0.0000 0.7667 0.0000 0.1045 -0.9945
0.5000 0.0698 -0.9976 1.0000 0.7611 0.0000 0.0698 -0.9976
-0.5000 0.1045 -0.9945 0.0000 0.7667 0.0000 0.1045 -0.9945
0.5000 0.1045 -0.9945 1.0000 0.7667 0.0000 0.1045 -0.9945
0.5000 0.1045 -0.9945 1.0000 0.7667 0.0000 0.1045 -0.9945
-0.5000 0.1045 -0.9945 0.0000 0.7667 0.0000 0.1045 -0.9945
-0.5000 0.1392 -0.9903 0.0000 0.7722 0.0000 0.1392 -0.9903
0.5000 0.1045 -0.9945 1.0000 0.7667 0.0000 0.1045 -0.9945
-0.5000 0.1392 -0.9903 0.0000 0.7722 0.0000 0.1392 -0.9903
0.5000 0.1392 -0.9903 1.0000 0.7722 0.0000 0.1392 -0.9903
0.5000 0.1392 -0.9903 1.0000 0.7722 0.0000 0.1392 -0.9903
-0.5000 0.1392 -0.9903 0.0000 0.7722 0.0000 0.1392 -0.9903
-0.5000 0.1736 -0.9848 0.0000 0.7778 0.0000 0.1736 -0.9848
0.5000 0.1392 -0.9903 1.0000 0.7722 0.0000 0.1392 -0.9903
-0.5000 0.1736 -0.9848 0.0000 0.7778 0.0000 0.1736 -0.9848
0.5000 0.1736 -0.9848 1.0000 0.7778 0.0000 0.1736 -0.9848
0.5000 0.1736 -0.9848 1.0000 0.7778 0.0000 0.1736 -0.9848
-0.5000 0.1736 -0.9848 0.0000 0.7778 0.0000 0.1736 -0.9848
-0.5000 0.2079 -0.9781 0.0000 0.7833 0.0000 0.2079 -0.9781
0.5000 0.1736 -0.9848 1.0000 0.7778 0.0000 0.1736 -0.9848
-0.5000 0.2079 -0.9781 0.0000 0.7833 0.0000 0.2079 -0.9781
0.5000 0.2079 -0.9781 1.0000 0.7833 0.0000 0.2079 -0.9781
0.5000 0.2079 -0.9781 1.0000 0.7833 0.0000 0.2079 -0.9781
-0.5000 0.2079 -0.9781 0.0000 0.7833 0.0000 0.2079 -0.9781
-0.5000 0.2419 -0.9703 0.0000 0.7889 0.0000 0.2419 -0.9703
0.5000 0.2079 -0.9781 1.0000 0.7833 0.0000 0.2079 -0.9781
-0.5000 0.2419 -0.9703 0.0000 0.7889 0.0000 0.2419 -0.9703
0.5000 0.2419 -0.9703 1.0000 0.7889 0.0000 0.2419 -0.9703
0.5000 0.2419 -0.9703 1.0000 0.7889 0.0000 0.2419 -0.9703
-0.5000 0.2419 -0.9703 0.0000 0.7889 0.0000 0.2419 -0.9703
-0.5000 0.2756 -0.9613 0.0000 0.7944 0.0000 0.2756 -0.9613
0.5000 0.2419 -0.9703 1.0000 0.7889 0.0000 0.2419 -0.9703
-0.5000 0.2756 -0.9613 0.0000 0.7944 0.0000 0.2756 -0.9613
0.5000 0.2756 -0.9613 1.0000 0.7944 0.0000 0.2756 -0.9613
0.5000 0.2756 -0.9613 1.0000 0.7944 0.0000 0.2756 -0.9613
-0.5000 0.2756 -0.9613 0.0000 0.7944 0.0000 0.2756 -0.9613
-0.5000 0.3090 -0.9510 0.0000 0.8000 0.0000 0.3090 -0.9510
0.5000 0.2756 -0.9613 1.0000 0.7944 0.0000 0.2756 -0.9613
-0.5000 0.3090 -0.9510 0.0000 0.8000 0.0000 0.3090 -0.9510
0.5000 0.3090 -0.9510 1.0000 0.8000 0.0000 0.3090 -0.9510
0.5000 0.3090 -0.9510 1.0000 0.8000 0.0000 0.3090 -0.9510
-0.5000 0.3090 -0.9510 0.0000 0.8000 0.0000 0.3090 -0.9510
-0.5000 0.3420 -0.9397 0.0000 0.8056 0.0000 0.3420 -0.9397
0.5000 0.3090 -0.9510 1.0000 0.8000 0.0000 0.3090 -0.9510
-0.5000 0.3420 -0.9397 0.0000 0.8056 0.0000 0.3420 -0.9397
0.5000 0.3420 -0.9397 1.0000 0.8056 0.0000 0.3420 -0.9397
0.5000 0.3420 -0.9397 1.0000 0.8056 0.0000 0.3420 -0.9397
-0.5000 0.3420 -0.9397 0.0000 0.8056 0.0000 0.3420 -0.9397
-0.5000 0.3746 -0.9272 0.0000 0.8111 0.0000 0.3746 -0.9272
0.5000 0.3420 -0.9397 1.0000 0.8056 0.0000 0.3420 -0.9397
-0.5000 0.3746 -0.9272 0.0000 0.8111 0.0000 0.3746 -0.9272
0.5000 0.3746 -0.9272 1.0000 0.8111 0.0000 0.3746 -0.9272
0.5000 0.3746 -0.9272 1.0000 0.8111 0.0000 0.3746 -0.9272
-0.5000 0.3746 -0.9272 0.0000 0.8111 0.0000 0.3746 -0.9272
-0.5000 0.4067 -0.9135 0.0000 0.8167 0.0000 0.4067 -0.9135
0.5000 0.3746 -0.9272 1.0000 0.8111 0.0000 0.3746 -0.9272
-0.5000 0.4067 -0.9135 0.0000 0.8167 0.0000 0.4067 -0.9135
0.5000 0.4067 -0.9135 1.0000 0.8167 0.0000 0.4067 -0.9135
0.5000 0.4067 -0.9135 1.0000 0.8167 0.0000 0.4067 -0.9135
-0.5000 0.4067 -0.9135 0.0000 0.8167 0.0000 0.4067 -0.9135
-0.5000 0.4384 -0.8988 0.0000 0.8222 0.0000 0.4384 -0.8988
0.5000 0.4067 -0.9135 1.0000 0.8167 0.0000 0.4067 -0.9135
-0.5000 0.4384 -0.8988 0.0000 0.8222 0.0000 0.4384 -0.8988
0.5000 0.4384 -0.8988 1.0000 0.8222 0.0000 0.4384 -0.8988
0.5000 0.4384 -0.8988 1.0000 0.8222 0.0000 0.4384 -0.8988
-0.5000 0.4384 -0.8988 0.0000 0.8222 0.0000 0.4384 -0.8988
-0.5000 0.4695 -0.8829 0.0000 0.8278 0.0000 0.4695 -0.8829
0.5000 0.4384 -0.8988 1.0000 0.8222 0.0000 0.4384 -0.8988
-0.5000 0.4695 -0.8829 0.0000 0.8278 0.0000 0.4695 -0.8829
0.5000 0.4695 -0.8829 1.0000 0.8278 0.0000 0.4695 -0.8829
0.5000 0.4695 -0.8829 1.0000 0.8278 0.0000 0.4695 -0.8829
-0.5000 0.4695 -0.8829 0.0000 0.8278 0.0000 0.4695 -0.8829
-0.5000 0.5000 -0.8660 0.0000 0.8333 0.0000 0.5000 -0.8660
0.5000 0.4695 -0.8829 1.0000 0.8278 0.0000 0.4695 -0.8829
-0.5000 0.5000 -0.8660 0.0000 0.8333 0.0000 0.5000 -0.8660
0.5000 0.5000 -0.8660 1.0000 0.8333 0.0000 0.5000 -0.8660
0.5000 0.5000 -0.8660 1.0000 0.8333 0.0000 0.5000 -0.8660
-0.5000 0.5000 -0.8660 0.0000 0.8333 0.0000 0.5000 -0.8660
-0.5000 0.5299 -0.8480 0.0000 0.8389 0.0000 0.5299 -0.8480
0.5000 0.5000 -0.8660 1.0000 0.8333 0.0000 0.5000 -0.8660
-0.5000 0.5299 -0.8480 0.0000 0.8389 0.0000 0.5299 -0.8480
0.5000 0.5299 -0.8480 1.0000 0.8389 0.0000 0.5299 -0.8480
0.5000 0.5299 -0.8480 1.0000 0.8389 0.0000 0.5299 -0.8480
-0.5000 0.5299 -0.8480 0.0000 0.8389 0.0000 0.5299 -0.8480
-0.5000 0.5592 -0.8290 0.0000 0.8444 0.0000 0.5592 -0.8290
0.5000 0.5299 -0.8480 1.0000 0.8389 0.0000 0.5299 -0.8480
-0.5000 0.5592 -0.8290 0.0000 0.8444 0.0000 0.5592 -0.8290
0.5000 0.5592 -0.8290 1.0000 0.8444 0.0000 0.5592 -0.8290
0.5000 0.5592 -0.8290 1.0000 0.8444 0.0000 0.5592 -0.8290
-0.5000 0.5592 -0.8290 0.0000 0.8444 0.0000 0.5592 -0.8290
-0.5000 0.5878 -0.8090 0.0000 0.8500 0.0000 0.5878 -0.8090
0.5000 0.5592 -0.8290 1.0000 0.8444 0.0000 0.5592 -0.8290
-0.5000 0.5878 -0.8090 0.0000 0.8500 0.0000 0.5878 -0.8090
0.5000 0.5878 -0.8090 1.0000 0.8500 0.0000 0.5878 -0.8090
0.5000 0.5878 -0.8090 1.0000 0.8500 0.0000 0.5878 -0.8090
-0.5000 0.5878 -0.8090 0.0000 0.8500 0.0000 0.5878 -0.8090
-0.5000 0.6157 -0.7880 0.0000 0.8556 0.0000 0.6157 -0.7880
0.5000 0.5878 -0.8090 1.0000 0.8500 0.0000 0.5878 -0.8090
-0.5000 0.6157 -0.7880 0.0000 0.8556 0.0000 0.6157 -0.7880
0.5000 0.6157 -0.7880 1.0000 0.8556 0.0000 0.6157 -0.7880
0.5000 0.6157 -0.7880 1.0000 0.8556 0.0000 0.6157 -0.7880
-0.5000 0.6157 -0.7880 0.0000 0.8556 0.0000 0.6157 -0.7880
-0.5000 0.6428 -0.7660 0.0000 0.8611 0.0000 0.6428 -0.7660
0.5000 0.6157 -0.7880 1.0000 0.8556 0.0000 0.6157 -0.7880
-0.5000 0.6428 -0.7660 0.0000 0.8611 0.0000 0.6428 -0.7660
0.5000 0.6428 -0.7660 1.0000 0.8611 0.0000 0.6428 -0.7660
0.5000 0.6428 -0.7660 1.0000 0.8611 0.0000 0.6428 -0.7660
-0.5000 0.6428 -0.7660 0.0000 0.8611 0.0000 0.6428 -0.7660
-0.5000 0.6691 -0.7431 0.0000 0.8667 0.0000 0.6691 -0.7431
0.5000 0.6428 -0.7660 1.0000 0.8611 0.0000 0.6428 -0.7660
-0.5000 0.6691 -0.7431 0.0000 0.8667 0.0000 0.6691 -0.7431
0.5000 0.6691 -0.7431 1.0000 0.8667 0.0000 0.6691 -0.7431
0.5000 0.6691 -0.7431 1.0000 0.8667 0.0000 0.6691 -0.7431
-0.5000 0.6691 -0.7431 0.0000 0.8667 0.0000 0.6691 -0.7431
-0.5000 0.6947 -0.7193 0.0000 0.8722 0.0000 0.6947 -0.7193
0.5000 0.6691 -0.7431 1.0000 0.8667 0.0000 0.6691 -0.7431
-0.5000 0.6947 -0.7193 0.0000 0.8722 0.0000 0.6947 -0.7193
0.5000 0.6947 -0.7193 1.0000 0.8722 0.0000 0.6947 -0.7193
0.5000 0.6947 -0.7193 1.0000 0.8722 0.0000 0.6947 -0.7193
-0.5000 0.6947 -0.7193 0.0000 0.8722 0.0000 0.6947 -0.7193
-0.5000 0.7193 -0.6947 0.0000 0.8778 0.0000 0.7193 -0.6947
0.5000 0.6947 -0.7193 1.0000 0.8722 0.0000 0.6947 -0.7193
-0.5000 0.7193 -0.6947 0.0000 0.8778 0.0000 0.7193 -0.6947
0.5000 0.7193 -0.6947 1.0000 0.8778 0.0000 0.7193 -0.6947
0.5000 0.7193 -0.6947 1.0000 0.8778 0.0000 0.7193 -0.6947
-0.5000 0.7193 -0.6947 0.0000 0.8778 0.0000 0.7193 -0.6947
-0.5000 0.7431 -0.6691 0.0000 0.8833 0.0000 0.7431 -0.6691
0.5000 0.7193 -0.6947 1.0000 0.8778 0.0000 0.7193 -0.6947
-0.5000 0.7431 -0.6691 0.0000 0.8833 0.0000 0.7431 -0.6691
0.5000 0.7431 -0.6691 1.0000 0.8833 0.0000 0.7431 -0.6691
0.5000 0.7431 -0.6691 1.0000 0.8833 0.0000 0.7431 -0.6691
-0.5000 0.7431 -0.6691 0.0000 0.8833 0.0000 0.7431 -0.6691
-0.5000 0.7660 -0.6428 0.0000 0.8889 0.0000 0.7660 -0.6428
0.5000 0.7431 -0.6691 1.0000 0.8833 0.0000 0.7431 -0.6691
-0.5000 0.7660 -0.6428 0.0000 0.8889 0.0000 0.7660 -0.6428
0.5000 0.7660 -0.6428 1.0000 0.8889 0.0000 0.7660 -0.6428
0.5000 0.7660 -0.6428 1.0000 0.8889 0.0000 0.7660 -0.6428
-0.5000 0.7660 -0.6428 0.0000 0.8889 0.0000 0.7660 -0.6428
-0.5000 0.7880 -0.6157 0.0000 0.8944 0.0000 0.7880 -0.6157
0.5000 0.7660 -0.6428 1.0000 0.8889 0.0000 0.7660 -0.6428
-0.5000 0.7880 -0.6157 0.0000 0.8944 0.0000 0.7880 -0.6157
0.5000 0.7880 -0.6157 1.0000 0.8944 0.0000 0.7880 -0.6157
0.5000 0.7880 -0.6157 1.0000 0.8944 0.0000 0.7880 -0.6157
-0.5000 0.7880 -0.6157 0.0000 0.8944 0.0000 0.7880 -0.6157
-0.5000 0.8090 -0.5878 0.0000 0.9000 0.0000 0.8090 -0.5878
0.5000 0.7880 -0.6157 1.0000 0.8944 0.0000 0.7880 -0.6157
-0.5000 0.8090 -0.5878 0.0000 0.9000 0.0000 0.8090 -0.5878
0.5000 0.8090 -0.5878 1.0000 0.9000 0.0000 0.8090 -0.5878
0.5000 0.8090 -0.5878 1.0000 0.9000 0.0000 0.8090 -0.5878
-0.5000 0.8090 -0.5878 0.0000 0.9000 0.0000 0.8090 -0.5878
-0.5000 0.8290 -0.5592 0.0000 0.9056 0.0000 0.8290 -0.5592
0.5000 0.8090 -0.5878 1.0000 0.9000 0.0000 0.8090 -0.5878
-0.5000 0.8290 -0.5592 0.0000 0.9056 0.0000 0.8290 -0.5592
0.5000 0.8290 -0.5592 1.0000 0.9056 0.0000 0.8290 -0.5592
0.5000 0.8290 -0.5592 1.0000 0.9056 0.0000 0.8290 -0.5592
-0.5000 0.8290 -0.5592 0.0000 0.9056 0.0000 0.8290 -0.5592
-0.5000 0.8480 -0.5299 0.0000 0.9111 0.0000 0.8480 -0.5299
0.5000 0.8290 -0.5592 1.0000 0.9056 0.0000 0.8290 -0.5592
-0.5000 0.8480 -0.5299 0.0000 0.9111 0.0000 0.8480 -0.5299
0.5000 0.8480 -0.5299 1.0000 0.9111 0.0000 0.8480 -0.5299
0.5000 0.8480 -0.5299 1.0000 0.9111 0.0000 0.8480 -0.5299
-0.5000 0.8480 -0.5299 0.0000 0.9111 0.0000 0.8480 -0.5299
-0.5000 0.8660 -0.5000 0.0000 0.9167 0.0000 0.8660 -0.5000
0.5000 0.8480 -0.5299 1.0000 0.9111 0.0000 0.8480 -0.5299
-0.5000 0.8660 -0.5000 0.0000 0.9167 0.0000 0.8660 -0.5000
0.5000 0.8660 -0.5000 1.0000 0.9167 0.0000 0.8660 -0.5000
0.5000 0.8660 -0.5000 1.0000 0.9167 0.0000 0.8660 -0.5000
-0.5000 0.8660 -0.5000 0.0000 0.9167 0.0000 0.8660 -0.5000
-0.5000 0.8829 -0.4695 0.0000 0.9222 0.0000 0.8829 -0.4695
0.5000 0.8660 -0.5000 1.0000 0.9167 0.0000 0.8660 -0.5000
-0.5000 0.8829 -0.4695 0.0000 0.9222 0.0000 0.8829 -0.4695
0.5000 0.8829 -0.4695 1.0000 0.9222 0.0000 0.8829 -0.4695
0.5000 0.8829 -0.4695 1.0000 0.9222 0.0000 0.8829 -0.4695
-0.5000 0.8829 -0.4695 0.0000 0.9222 0.0000 0.8829 -0.4695
-0.5000 0.8988 -0.4384 0.0000 0.9278 0.0000 0.8988 -0.4384
0.5000 0.8829 -0.4695 1.0000 0.9222 0.0000 0.8829 -0.4695
-0.5000 0.8988 -0.4384 0.0000 0.9278 0.0000 0.8988 -0.4384
0.5000 0.8988 -0.4384 1.0000 0.9278 0.0000 0.8988 -0.4384
0.5000 0.8988 -0.4384 1.0000 0.9278 0.0000 0.8988 -0.4384
-0.5000 0.8988 -0.4384 0.0000 0.9278 0.0000 0.8988 -0.4384
-0.5000 0.9135 -0.4067 0.0000 0.9333 0.0000 0.9135 -0.4067
0.5000 0.8988 -0.4384 1.0000 0.9278 0.0000 0.8988 -0.4384
-0.5000 0.9135 -0.4067 0.0000 0.9333 0.0000 0.9135 -0.4067
0.5000 0.9135 -0.4067 1.0000 0.9333 0.0000 0.9135 -0.4067
0.5000 0.9135 -0.4067 1.0000 0.9333 0.0000 0.9135 -0.4067
-0.5000 0.9135 -0.4067 0.0000 0.9333 0.0000 0.9135 -0.4067
-0.5000 0.9272 -0.3746 0.0000 0.9389 0.0000 0.9272 -0.3746
0.5000 0.9135 -0.4067 1.0000 0.9333 0.0000 0.9135 -0.4067
-0.5000 0.9272 -0.3746 0.0000 0.9389 0.0000 0.9272 -0.3746
0.5000 0.9272 -0.3746 1.0000 0.9389 0.0000 0.9272 -0.3746
0.5000 0.9272 -0.3746 1.0000 0.9389 0.0000 0.9272 -0.3746
-0.5000 0.9272 -0.3746 0.0000 0.9389 0.0000 0.9272 -0.3746
-0.5000 0.9397 -0.3420 0.0000 0.9444 0.0000 0.9397 -0.3420
0.5000 0.9272 -0.3746 1.0000 0.9389 0.0000 0.9272 -0.3746
-0.5000 0.9397 -0.3420 0.0000 0.9444 0.0000 0.9397 -0.3420
0.5000 0.9397 -0.3420 1.0000 0.9444 0.0000 0.9397 -0.3420
0.5000 0.9397 -0.3420 1.0000 0.9444 0.0000 0.9397 -0.3420
-0.5000 0.9397 -0.3420 0.0000 0.9444 0.0000 0.9397 -0.3420
-0.5000 0.9510 -0.3090 0.0000 0.9500 0.0000 0.9510 -0.3090
0.5000 0.9397 -0.3420 1.0000 0.9444 0.0000 0.9397 -0.3420
-0.5000 0.9510 -0.3090 0.0000 0.9500 0.0000 0.9510 -0.3090
0.5000 0.9510 -0.3090 1.0000 0.9500 0.0000 0.9510 -0.3090
0.5000 0.9510 -0.3090 1.0000 0.9500 0.0000 0.9510 -0.3090
-0.5000 0.9510 -0.3090 0.0000 0.9500 0.0000 0.9510 -0.3090
-0.5000 0.9613 -0.2756 0.0000 0.9556 0.0000 0.9613 -0.2756
0.5000 0.9510 -0.3090 1.0000 0.9500 0.0000 0.9510 -0.3090
-0.5000 0.9613 -0.2756 0.0000 0.9556 0.0000 0.9613 -0.2756
0.5000 0.9613 -0.2756 1.0000 0.9556 0.0000 0.9613 -0.2756
0.5000 0.9613 -0.2756 1.0000 0.9556 0.0000 0.9613 -0.2756
-0.5000 0.9613 -0.2756 0.0000 0.9556 0.0000 0.9613 -0.2756
-0.5000 0.9703 -0.2419 0.0000 0.9611 0.0000 0.9703 -0.2419
0.5000 0.9613 -0.2756 1.0000 0.9556 0.0000 0.9613 -0.2756
-0.5000 0.9703 -0.2419 0.0000 0.9611 0.0000 0.9703 -0.2419
0.5000 0.9703 -0.2419 1.0000 0.9611 0.0000 0.9703 -0.2419
0.5000 0.9703 -0.2419 1.0000 0.9611 0.0000 0.9703 -0.2419
-0.5000 0.9703 -0.2419 0.0000 0.9611 0.0000 0.9703 -0.2419
-0.5000 0.9781 -0.2079 0.0000 0.9667 0.0000 0.9781 -0.2079
0.5000 0.9703 -0.2419 1.0000 0.9611 0.0000 0.9703 -0.2419
-0.5000 0.9781 -0.2079 0.0000 0.9667 0.0000 0.9781 -0.2079
0.5000 0.9781 -0.2079 1.0000 0.9667 0.0000 0.9781 -0.2079
0.5000 0.9781 -0.2079 1.0000 0.9667 0.0000 0.9781 -0.2079
-0.5000 0.9781 -0.2079 0.0000 0.9667 0.0000 0.9781 -0.2079
-0.5000 0.9848 -0.1736 0.0000 0.9722 0.0000 0.9848 -0.1736
0.5000 0.9781 -0.2079 1.0000 0.9667 0.0000 0.9781 -0.2079
-0.5000 0.9848 -0.1736 0.0000 0.9722 0.0000 0.9848 -0.1736
0.5000 0.9848 -0.1736 1.0000 0.9722 0.0000 0.9848 -0.1736
0.5000 0.9848 -0.1736 1.0000 0.9722 0.0000 0.9848 -0.1736
-0.5000 0.9848 -0.1736 0.0000 0.9722 0.0000 0.9848 -0.1736
-0.5000 0.9903 -0.1392 0.0000 0.9778 0.0000 0.9903 -0.1392
0.5000 0.9848 -0.1736 1.0000 0.9722 0.0000 0.9848 -0.1736
-0.5000 0.9903 -0.1392 0.0000 0.9778 0.0000 0.9903 -0.1392
0.5000 0.9903 -0.1392 1.0000 0.9778 0.0000 0.9903 -0.1392
0.5000 0.9903 -0.1392 1.0000 0.9778 0.0000 0.9903 -0.1392
-0.5000 0.9903 -0.1392 0.0000 0.9778 0.0000 0.9903 -0.1392
-0.5000 0.9945 -0.1045 0.0000 0.9833 0.0000 0.9945 -0.1045
0.5000 0.9903 -0.1392 1.0000 0.9778 0.0000 0.9903 -0.1392
-0.5000 0.9945 -0.1045 0.0000 0.9833 0.0000 0.9945 -0.1045
0.5000 0.9945 -0.1045 1.0000 0.9833 0.0000 0.9945 -0.1045
0.5000 0.9945 -0.1045 1.0000 0.9833 0.0000 0.9945 -0.1045
-0.5000 0.9945 -0.1045 0.0000 0.9833 0.0000 0.9945 -0.1045
-0.5000 0.9976 -0.0698 0.0000 0.9889 0.0000 0.9976 -0.0698
0.5000 0.9945 -0.1045 1.0000 0.9833 0.0000 0.9945 -0.1045
-0.5000 0.9976 -0.0698 0.0000 0.9889 0.0000 0.9976 -0.0698
0.5000 0.9976 -0.0698 1.0000 0.9889 0.0000 0.9976 -0.0698
0.5000 0.9976 -0.0698 1.0000 0.9889 0.0000 0.9976 -0.0698
-0.5000 0.9976 -0.0698 0.0000 0.9889 0.0000 0.9976 -0.0698
-0.5000 0.9994 -0.0349 0.0000 0.9944 0.0000 0.9994 -0.0349
0.5000 0.9976 -0.0698 1.0000 0.9889 0.0000 0.9976 -0.0698
-0.5000 0.9994 -0.0349 0.0000 0.9944 0.0000 0.9994 -0.0349
0.5000 0.9994 -0.0349 1.0000 0.9944 0.0000 0.9994 -0.0349
0.5000 0.9994 -0.0349 1.0000 0.9944 0.0000 0.9994 -0.0349
-0.5000 0.9994 -0.0349 0.0000 0.9944 0.0000 0.9994 -0.0349
-0.5000 1.0000 0.0000 0.0000 1.0000 0.0000 1.0000 0.0000
0.5000 0.9994 -0.0349 1.0000 0.9944 0.0000 0.9994 -0.0349
-0.5000 1.0000 0.0000 0.0000 1.0000 0.0000 1.0000 0.0000
0.5000 1.0000 0.0000 1.0000 1.0000 0.0000 1.0000 0.0000
