Vertex Count: 540

Data:

0.0000 0.0000 0.0000 0.5000 0.5000 1.0000 0.0000 0.0000
0.0000 1.0000 0.0000 0.5000 -0.0000 1.0000 0.0000 0.0000
0.0000 0.9994 0.0349 0.5174 0.0003 1.0000 0.0000 0.0000
0.0000 0.0000 0.0000 0.5000 0.5000 1.0000 0.0000 0.0000
0.0000 0.9994 0.0349 0.5174 0.0003 1.0000 0.0000 0.0000
0.0000 0.9976 0.0698 0.5349 0.0012 1.0000 0.0000 0.0000
0.0000 0.0000 0.0000 0.5000 0.5000 1.0000 0.0000 0.0000
0.0000 0.9976 0.0698 0.5349 0.0012 1.0000 0.0000 0.0000
0.0000 0.9945 0.1045 0.5523 0.0027 1.0000 0.0000 0.0000
0.0000 0.0000 0.0000 0.5000 0.5000 1.0000 0.0000 0.0000
0.0000 0.9945 0.1045 0.5523 0.0027 1.0000 0.0000 0.0000
0.0000 0.9903 0.1392 0.5696 0.0049 1.0000 0.0000 0.0000
0.0000 0.0000 0.0000 0.5000 0.5000 1.0000 0.0000 0.0000
0.0000 0.9903 0.1392 0.5696 0.0049 1.0000 0.0000 0.0000
0.0000 0.9848 0.1736 0.5868 0.0076 1.0000 0.0000 0.0000
0.0000 0.0000 0.0000 0.5000 0.5000 1.0000 0.0000 0.0000
0.0000 0.9848 0.1736 0.5868 0.0076 1.0000 0.0000 0.0000
0.0000 0.9781 0.2079 0.6040 0.0109 1.0000 0.0000 0.0000
0.0000 0.0000 0.0000 0.5000 0.5000 1.0000 0.0000 0.0000
0.0000 0.9781 0.2079 0.6040 0.0109 1.0000 0.0000 0.0000
0.0000 0.9703 0.2419 0.6210 0.0149 1.0000 0.0000 0.0000
0.0000 0.0000 0.0000 0.5000 0.5000 1.0000 0.0000 0.0000
0.0000 0.9703 0.2419 0.6210 0.0149 1.0000 0.0000 0.0000
0.0000 0.9613 0.2756 0.6378 0.0194 1.0000 0.0000 0.0000
0.0000 0.0000 0.0000 0.5000 0.5000 1.0000 0.0000 0.0000
0.0000 0.9613 0.2756 0.6378 0.0194 1.0000 0.0000 0.0000
0.0000 0.9511 0.3090 0.6545 0.0245 1.0000 0.0000 0.0000
0.0000 0.0000 0.0000 0.5000 0.5000 1.0000 0.0000 0.0000
0.0000 0.9511 0.3090 0.6545 0.0245 1.0000 0.0000 0.0000
0.0000 0.9397 0.3420 0.6710 0.0302 1.0000 0.0000 0.0000
0.0000 0.0000 0.0000 0.5000 0.5000 1.0000 0.0000 0.0000
0.0000 0.9397 0.3420 0.6710 0.0302 1.0000 0.0000 0.0000
0.0000 0.9272 0.3746 0.6873 0.0364 1.0000 0.0000 0.0000
0.0000 0.0000 0.0000 0.5000 0.5000 1.0000 0.0000 0.0000
0.0000 0.9272 0.3746 0.6873 0.0364 1.0000 0.0000 0.0000
0.0000 0.9135 0.4067 0.7034 0.0432 1.0000 0.0000 0.0000
0.0000 0.0000 0.0000 0.5000 0.5000 1.0000 0.0000 0.0000
0.0000 0.9135 0.4067 0.7034 0.0432 1.0000 0.0000 0.0000
0.0000 0.8988 0.4384 0.7192 0.0506 1.0000 0.0000 0.0000
0.0000 0.0000 0.0000 0.5000 0.5000 1.0000 0.0000 0.0000
0.0000 0.8988 0.4384 0.7192 0.0506 1.0000 0.0000 0.0000
0.0000 0.8829 0.4695 0.7347 0.0585 1.0000 0.0000 0.0000
0.0000 0.0000 0.0000 0.5000 0.5000 1.0000 0.0000 0.0000
0.0000 0.8829 0.4695 0.7347 0.0585 1.0000 0.0000 0.0000
0.0000 0.8660 0.5000 0.7500 0.0670 1.0000 0.0000 0.0000
0.0000 0.0000 0.0000 0.5000 0.5000 1.0000 0.0000 0.0000
0.0000 0.8660 0.5000 0.7500 0.0670 1.0000 0.0000 0.0000
0.0000 0.8480 0.5299 0.7650 0.0760 1.0000 0.0000 0.0000
0.0000 0.0000 0.0000 0.5000 0.5000 1.0000 0.0000 0.0000
0.0000 0.8480 0.5299 0.7650 0.0760 1.0000 0.0000 0.0000
0.0000 0.8290 0.5592 0.7796 0.0855 1.0000 0.0000 0.0000
0.0000 0.0000 0.0000 0.5000 0.5000 1.0000 0.0000 0.0000
0.0000 0.8290 0.5592 0.7796 0.0855 1.0000 0.0000 0.0000
0.0000 0.8090 0.5878 0.7939 0.0955 1.0000 0.0000 0.0000
0.0000 0.0000 0.0000 0.5000 0.5000 1.0000 0.0000 0.0000
0.0000 0.8090 0.5878 0.7939 0.0955 1.0000 0.0000 0.0000
0.0000 0.7880 0.6157 0.8078 0.1060 1.0000 0.0000 0.0000
0.0000 0.0000 0.0000 0.5000 0.5000 1.0000 0.0000 0.0000
0.0000 0.7880 0.6157 0.8078 0.1060 1.0000 0.0000 0.0000
0.0000 0.7660 0.6428 0.8214 0.1170 1.0000 0.0000 0.0000
0.0000 0.0000 0.0000 0.5000 0.5000 1.0000 0.0000 0.0000
0.0000 0.7660 0.6428 0.8214 0.1170 1.0000 0.0000 0.0000
0.0000 0.7431 0.6691 0.8346 0.1284 1.0000 0.0000 0.0000
0.0000 0.0000 0.0000 0.5000 0.5000 1.0000 0.0000 0.0000
0.0000 0.7431 0.6691 0.8346 0.1284 1.0000 0.0000 0.0000
0.0000 0.7193 0.6947 0.8473 0.1403 1.0000 0.0000 0.0000
0.0000 0.0000 0.0000 0.5000 0.5000 1.0000 0.0000 0.0000
0.0000 0.7193 0.6947 0.8473 0.1403 1.0000 0.0000 0.0000
0.0000 0.6947 0.7193 0.8597 0.1527 1.0000 0.0000 0.0000
0.0000 0.0000 0.0000 0.5000 0.5000 1.0000 0.0000 0.0000
0.0000 0.6947 0.7193 0.8597 0.1527 1.0000 0.0000 0.0000
0.0000 0.6691 0.7431 0.8716 0.1654 1.0000 0.0000 0.0000
0.0000 0.0000 0.0000 0.5000 0.5000 1.0000 0.0000 0.0000
0.0000 0.6691 0.7431 0.8716 0.1654 1.0000 0.0000 0.0000
0.0000 0.6428 0.7660 0.8830 0.1786 1.0000 0.0000 0.0000
0.0000 0.0000 0.0000 0.5000 0.5000 1.0000 0.0000 0.0000
0.0000 0.6428 0.7660 0.8830 0.1786 1.0000 0.0000 0.0000
0.0000 0.6157 0.7880 0.8940 0.1922 1.0000 0.0000 0.0000
0.0000 0.0000 0.0000 0.5000 0.5000 1.0000 0.0000 0.0000
0.0000 0.6157 0.7880 0.8940 0.1922 1.0000 0.0000 0.0000
0.0000 0.5878 0.8090 0.9045 0.2061 1.0000 0.0000 0.0000
0.0000 0.0000 0.0000 0.5000 0.5000 1.0000 0.0000 0.0000
0.0000 0.5878 0.8090 0.9045 0.2061 1.0000 0.0000 0.0000
0.0000 0.5592 0.8290 0.9145 0.2204 1.0000 0.0000 0.0000
0.0000 0.0000 0.0000 0.5000 0.5000 1.0000 0.0000 0.0000
0.0000 0.5592 0.8290 0.9145 0.2204 1.0000 0.0000 0.0000
0.0000 0.5299 0.8480 0.9240 0.2350 1.0000 0.0000 0.0000
0.0000 0.0000 0.0000 0.5000 0.5000 1.0000 0.0000 0.0000
0.0000 0.5299 0.8480 0.9240 0.2350 1.0000 0.0000 0.0000
0.0000 0.5000 0.8660 0.9330 0.2500 1.0000 0.0000 0.0000
0.0000 0.0000 0.0000 0.5000 0.5000 1.0000 0.0000 0.0000
0.0000 0.5000 0.8660 0.9330 0.2500 1.0000 0.0000 0.0000
0.0000 0.4695 0.8829 0.9415 0.2653 1.0000 0.0000 0.0000
0.0000 0.0000 0.0000 0.5000 0.5000 1.0000 0.0000 0.0000
0.0000 0.4695 0.8829 0.9415 0.2653 1.0000 0.0000 0.0000
0.0000 0.4384 0.8988 0.9494 0.2808 1.0000 0.0000 0.0000
0.0000 0.0000 0.0000 0.5000 0.5000 1.0000 0.0000 0.0000
0.0000 0.4384 0.8988 0.9494 0.2808 1.0000 0.0000 0.0000
0.0000 0.4067 0.9135 0.9568 0.2966 1.0000 0.0000 0.0000
0.0000 0.0000 0.0000 0.5000 0.5000 1.0000 0.0000 0.0000
0.0000 0.4067 0.9135 0.9568 0.2966 1.0000 0.0000 0.0000
0.0000 0.3746 0.9272 0.9636 0.3127 1.0000 0.0000 0.0000
0.0000 0.0000 0.0000 0.5000 0.5000 1.0000 0.0000 0.0000
0.0000 0.3746 0.9272 0.9636 0.3127 1.0000 0.0000 0.0000
0.0000 0.3420 0.9397 0.9698 0.3290 1.0000 0.0000 0.0000
0.0000 0.0000 0.0000 0.5000 0.5000 1.0000 0.0000 0.0000
0.0000 0.3420 0.9397 0.9698 0.3290 1.0000 0.0000 0.0000
0.0000 0.3090 0.9511 0.9755 0.3455 1.0000 0.0000 0.0000
0.0000 0.0000 0.0000 0.5000 0.5000 1.0000 0.0000 0.0000
0.0000 0.3090 0.9511 0.9755 0.3455 1.0000 0.0000 0.0000
0.0000 0.2756 0.9613 0.9806 0.3622 1.0000 0.0000 0.0000
0.0000 0.0000 0.0000 0.5000 0.5000 1.0000 0.0000 0.0000
0.0000 0.2756 0.9613 0.9806 0.3622 1.0000 0.0000 0.0000
0.0000 0.2419 0.9703 0.9851 0.3790 1.0000 0.0000 0.0000
0.0000 0.0000 0.0000 0.5000 0.5000 1.0000 0.0000 0.0000
0.0000 0.2419 0.9703 0.9851 0.3790 1.0000 0.0000 0.0000
0.0000 0.2079 0.9781 0.9891 0.3960 1.0000 0.0000 0.0000
0.0000 0.0000 0.0000 0.5000 0.5000 1.0000 0.0000 0.0000
0.0000 0.2079 0.9781 0.9891 0.3960 1.0000 0.0000 0.0000
0.0000 0.1736 0.9848 0.9924 0.4132 1.0000 0.0000 0.0000
0.0000 0.0000 0.0000 0.5000 0.5000 1.0000 0.0000 0.0000
0.0000 0.1736 0.9848 0.9924 0.4132 1.0000 0.0000 0.0000
0.0000 0.1392 0.9903 0.9951 0.4304 1.0000 0.0000 0.0000
0.0000 0.0000 0.0000 0.5000 0.5000 1.0000 0.0000 0.0000
0.0000 0.1392 0.9903 0.9951 0.4304 1.0000 0.0000 0.0000
0.0000 0.1045 0.9945 0.9973 0.4477 1.0000 0.0000 0.0000
0.0000 0.0000 0.0000 0.5000 0.5000 1.0000 0.0000 0.0000
0.0000 0.1045 0.9945 0.9973 0.4477 1.0000 0.0000 0.0000
0.0000 0.0698 0.9976 0.9988 0.4651 1.0000 0.0000 0.0000
0.0000 0.0000 0.0000 0.5000 0.5000 1.0000 0.0000 0.0000
0.0000 0.0698 0.9976 0.9988 0.4651 1.0000 0.0000 0.0000
0.0000 0.0349 0.9994 0.9997 0.4826 1.0000 0.0000 0.0000
0.0000 0.0000 0.0000 0.5000 0.5000 1.0000 0.0000 0.0000
0.0000 0.0349 0.9994 0.9997 0.4826 1.0000 0.0000 0.0000
0.0000 0.0000 1.0000 1.0000 0.5000 1.0000 0.0000 0.0000
0.0000 0.0000 0.0000 0.5000 0.5000 1.0000 0.0000 0.0000
0.0000 0.0000 1.0000 1.0000 0.5000 1.0000 0.0000 0.0000
0.0000 -0.0349 0.9994 0.9997 0.5174 1.0000 0.0000 0.0000
0.0000 0.0000 0.0000 0.5000 0.5000 1.0000 0.0000 0.0000
0.0000 -0.0349 0.9994 0.9997 0.5174 1.0000 0.0000 0.0000
0.0000 -0.0698 0.9976 0.9988 0.5349 1.0000 0.0000 0.0000
0.0000 0.0000 0.0000 0.5000 0.5000 1.0000 0.0000 0.0000
0.0000 -0.0698 0.9976 0.9988 0.5349 1.0000 0.0000 0.0000
0.0000 -0.1045 0.9945 0.9973 0.5523 1.0000 0.0000 0.0000
0.0000 0.0000 0.0000 0.5000 0.5000 1.0000 0.0000 0.0000
0.0000 -0.1045 0.9945 0.9973 0.5523 1.0000 0.0000 0.0000
0.0000 -0.1392 0.9903 0.9951 0.5696 1.0000 0.0000 0.0000
0.0000 0.0000 0.0000 0.5000 0.5000 1.0000 0.0000 0.0000
0.0000 -0.1392 0.9903 0.9951 0.5696 1.0000 0.0000 0.0000
0.0000 -0.1736 0.9848 0.9924 0.5868 1.0000 0.0000 0.0000
0.0000 0.0000 0.0000 0.5000 0.5000 1.0000 0.0000 0.0000
0.0000 -0.1736 0.9848 0.9924 0.5868 1.0000 0.0000 0.0000
0.0000 -0.2079 0.9781 0.9891 0.6040 1.0000 0.0000 0.0000
0.0000 0.0000 0.0000 0.5000 0.5000 1.0000 0.0000 0.0000
0.0000 -0.2079 0.9781 0.9891 0.6040 1.0000 0.0000 0.0000
0.0000 -0.2419 0.9703 0.9851 0.6210 1.0000 0.0000 0.0000
0.0000 0.0000 0.0000 0.5000 0.5000 1.0000 0.0000 0.0000
0.0000 -0.2419 0.9703 0.9851 0.6210 1.0000 0.0000 0.0000
0.0000 -0.2756 0.9613 0.9806 0.6378 1.0000 0.0000 0.0000
0.0000 0.0000 0.0000 0.5000 0.5000 1.0000 0.0000 0.0000
0.0000 -0.2756 0.9613 0.9806 0.6378 1.0000 0.0000 0.0000
0.0000 -0.3090 0.9511 0.9755 0.6545 1.0000 0.0000 0.0000
0.0000 0.0000 0.0000 0.5000 0.5000 1.0000 0.0000 0.0000
0.0000 -0.3090 0.9511 0.9755 0.6545 1.0000 0.0000 0.0000
0.0000 -0.3420 0.9397 0.9698 0.6710 1.0000 0.0000 0.0000
0.0000 0.0000 0.0000 0.5000 0.5000 1.0000 0.0000 0.0000
0.0000 -0.3420 0.9397 0.9698 0.6710 1.0000 0.0000 0.0000
0.0000 -0.3746 0.9272 0.9636 0.6873 1.0000 0.0000 0.0000
0.0000 0.0000 0.0000 0.5000 0.5000 1.0000 0.0000 0.0000
0.0000 -0.3746 0.9272 0.9636 0.6873 1.0000 0.0000 0.0000
0.0000 -0.4067 0.9135 0.9568 0.7034 1.0000 0.0000 0.0000
0.0000 0.0000 0.0000 0.5000 0.5000 1.0000 0.0000 0.0000
0.0000 -0.4067 0.9135 0.9568 0.7034 1.0000 0.0000 0.0000
0.0000 -0.4384 0.8988 0.9494 0.7192 1.0000 0.0000 0.0000
0.0000 0.0000 0.0000 0.5000 0.5000 1.0000 0.0000 0.0000
0.0000 -0.4384 0.8988 0.9494 0.7192 1.0000 0.0000 0.0000
0.0000 -0.4695 0.8829 0.9415 0.7347 1.0000 0.0000 0.0000
0.0000 0.0000 0.0000 0.5000 0.5000 1.0000 0.0000 0.0000
0.0000 -0.4695 0.8829 0.9415 0.7347 1.0000 0.0000 0.0000
0.0000 -0.5000 0.8660 0.9330 0.7500 1.0000 0.0000 0.0000
0.0000 0.0000 0.0000 0.5000 0.5000 1.0000 0.0000 0.0000
0.0000 -0.5000 0.8660 0.9330 0.7500 1.0000 0.0000 0.0000
0.0000 -0.5299 0.8480 0.9240 0.7650 1.0000 0.0000 0.0000
0.0000 0.0000 0.0000 0.5000 0.5000 1.0000 0.0000 0.0000
0.0000 -0.5299 0.8480 0.9240 0.7650 1.0000 0.0000 0.0000
0.0000 -0.5592 0.8290 0.9145 0.7796 1.0000 0.0000 0.0000
0.0000 0.0000 0.0000 0.5000 0.5000 1.0000 0.0000 0.0000
0.0000 -0.5592 0.8290 0.9145 0.7796 1.0000 0.0000 0.0000
0.0000 -0.5878 0.8090 0.9045 0.7939 1.0000 0.0000 0.0000
0.0000 0.0000 0.0000 0.5000 0.5000 1.0000 0.0000 0.0000
0.0000 -0.5878 0.8090 0.9045 0.7939 1.0000 0.0000 0.0000
0.0000 -0.6157 0.7880 0.8940 0.8078 1.0000 0.0000 0.0000
0.0000 0.0000 0.0000 0.5000 0.5000 1.0000 0.0000 0.0000
0.0000 -0.6157 0.7880 0.8940 0.8078 1.0000 0.0000 0.0000
0.0000 -0.6428 0.7660 0.8830 0.8214 1.0000 0.0000 0.0000
0.0000 0.0000 0.0000 0.5000 0.5000 1.0000 0.0000 0.0000
0.0000 -0.6428 0.7660 0.8830 0.8214 1.0000 0.0000 0.0000
0.0000 -0.6691 0.7431 0.8716 0.8346 1.0000 0.0000 0.0000
0.0000 0.0000 0.0000 0.5000 0.5000 1.0000 0.0000 0.0000
0.0000 -0.6691 0.7431 0.8716 0.8346 1.0000 0.0000 0.0000
0.0000 -0.6947 0.7193 0.8597 0.8473 1.0000 0.0000 0.0000
0.0000 0.0000 0.0000 0.5000 0.5000 1.0000 0.0000 0.0000
0.0000 -0.6947 0.7193 0.8597 0.8473 1.0000 0.0000 0.0000
0.0000 -0.7193 0.6947 0.8473 0.8597 1.0000 0.0000 0.0000
0.0000 0.0000 0.0000 0.5000 0.5000 1.0000 0.0000 0.0000
0.0000 -0.7193 0.6947 0.8473 0.8597 1.0000 0.0000 0.0000
0.0000 -0.7431 0.6691 0.8346 0.8716 1.0000 0.0000 0.0000
0.0000 0.0000 0.0000 0.5000 0.5000 1.0000 0.0000 0.0000
0.0000 -0.7431 0.6691 0.8346 0.8716 1.0000 0.0000 0.0000
0.0000 -0.7660 0.6428 0.8214 0.8830 1.0000 0.0000 0.0000
0.0000 0.0000 0.0000 0.5000 0.5000 1.0000 0.0000 0.0000
0.0000 -0.7660 0.6428 0.8214 0.8830 1.0000 0.0000 0.0000
0.0000 -0.7880 0.6157 0.8078 0.8940 1.0000 0.0000 0.0000
0.0000 0.0000 0.0000 0.5000 0.5000 1.0000 0.0000 0.0000
0.0000 -0.7880 0.6157 0.8078 0.8940 1.0000 0.0000 0.0000
0.0000 -0.8090 0.5878 0.7939 0.9045 1.0000 0.0000 0.0000
0.0000 0.0000 0.0000 0.5000 0.5000 1.0000 0.0000 0.0000
0.0000 -0.8090 0.5878 0.7939 0.9045 1.0000 0.0000 0.0000
0.0000 -0.8290 0.5592 0.7796 0.9145 1.0000 0.0000 0.0000
0.0000 0.0000 0.0000 0.5000 0.5000 1.0000 0.0000 0.0000
0.0000 -0.8290 0.5592 0.7796 0.9145 1.0000 0.0000 0.0000
0.0000 -0.8480 0.5299 0.7650 0.9240 1.0000 0.0000 0.0000
0.0000 0.0000 0.0000 0.5000 0.5000 1.0000 0.0000 0.0000
0.0000 -0.8480 0.5299 0.7650 0.9240 1.0000 0.0000 0.0000
0.0000 -0.8660 0.5000 0.7500 0.9330 1.0000 0.0000 0.0000
0.0000 0.0000 0.0000 0.5000 0.5000 1.0000 0.0000 0.0000
0.0000 -0.8660 0.5000 0.7500 0.9330 1.0000 0.0000 0.0000
0.0000 -0.8829 0.4695 0.7347 0.9415 1.0000 0.0000 0.0000
0.0000 0.0000 0.0000 0.5000 0.5000 1.0000 0.0000 0.0000
0.0000 -0.8829 0.4695 0.7347 0.9415 1.0000 0.0000 0.0000
0.0000 -0.8988 0.4384 0.7192 0.9494 1.0000 0.0000 0.0000
0.0000 0.0000 0.0000 0.5000 0.5000 1.0000 0.0000 0.0000
0.0000 -0.8988 0.4384 0.7192 0.9494 1.0000 0.0000 0.0000
0.0000 -0.9135 0.4067 0.7034 0.9568 1.0000 0.0000 0.0000
0.0000 0.0000 0.0000 0.5000 0.5000 1.0000 0.0000 0.0000
0.0000 -0.9135 0.4067 0.7034 0.9568 1.0000 0.0000 0.0000
0.0000 -0.9272 0.3746 0.6873 0.9636 1.0000 0.0000 0.0000
0.0000 0.0000 0.0000 0.5000 0.5000 1.0000 0.0000 0.0000
0.0000 -0.9272 0.3746 0.6873 0.9636 1.0000 0.0000 0.0000
0.0000 -0.9397 0.3420 0.6710 0.9698 1.0000 0.0000 0.0000
0.0000 0.0000 0.0000 0.5000 0.5000 1.0000 0.0000 0.0000
0.0000 -0.9397 0.3420 0.6710 0.9698 1.0000 0.0000 0.0000
0.0000 -0.9511 0.3090 0.6545 0.9755 1.0000 0.0000 0.0000
0.0000 0.0000 0.0000 0.5000 0.5000 1.0000 0.0000 0.0000
0.0000 -0.9511 0.3090 0.6545 0.9755 1.0000 0.0000 0.0000
0.0000 -0.9613 0.2756 0.6378 0.9806 1.0000 0.0000 0.0000
0.0000 0.0000 0.0000 0.5000 0.5000 1.0000 0.0000 0.0000
0.0000 -0.9613 0.2756 0.6378 0.9806 1.0000 0.0000 0.0000
0.0000 -0.9703 0.2419 0.6210 0.9851 1.0000 0.0000 0.0000
0.0000 0.0000 0.0000 0.5000 0.5000 1.0000 0.0000 0.0000
0.0000 -0.9703 0.2419 0.6210 0.9851 1.0000 0.0000 0.0000
0.0000 -0.9781 0.2079 0.6040 0.9891 1.0000 0.0000 0.0000
0.0000 0.0000 0.0000 0.5000 0.5000 1.0000 0.0000 0.0000
0.0000 -0.9781 0.2079 0.6040 0.9891 1.0000 0.0000 0.0000
0.0000 -0.9848 0.1736 0.5868 0.9924 1.0000 0.0000 0.0000
0.0000 0.0000 0.0000 0.5000 0.5000 1.0000 0.0000 0.0000
0.0000 -0.9848 0.1736 0.5868 0.9924 1.0000 0.0000 0.0000
0.0000 -0.9903 0.1392 0.5696 0.9951 1.0000 0.0000 0.0000
0.0000 0.0000 0.0000 0.5000 0.5000 1.0000 0.0000 0.0000
0.0000 -0.9903 0.1392 0.5696 0.9951 1.0000 0.0000 0.0000
0.0000 -0.9945 0.1045 0.5523 0.9973 1.0000 0.0000 0.0000
0.0000 0.0000 0.0000 0.5000 0.5000 1.0000 0.0000 0.0000
0.0000 -0.9945 0.1045 0.5523 0.9973 1.0000 0.0000 0.0000
0.0000 -0.9976 0.0698 0.5349 0.9988 1.0000 0.0000 0.0000
0.0000 0.0000 0.0000 0.5000 0.5000 1.0000 0.0000 0.0000
0.0000 -0.9976 0.0698 0.5349 0.9988 1.0000 0.0000 0.0000
0.0000 -0.9994 0.0349 0.5174 0.9997 1.0000 0.0000 0.0000
0.0000 0.0000 0.0000 0.5000 0.5000 1.0000 0.0000 0.0000
0.0000 -0.9994 0.0349 0.5174 0.9997 1.0000 0.0000 0.0000
0.0000 -1.0000 0.0000 0.5000 1.0000 1.0000 0.0000 0.0000
0.0000 0.0000 0.0000 0.5000 0.5000 1.0000 0.0000 0.0000
0.0000 -1.0000 0.0000 0.5000 1.0000 1.0000 0.0000 0.0000
0.0000 -0.9994 -0.0349 0.4826 0.9997 1.0000 0.0000 0.0000
0.0000 0.0000 0.0000 0.5000 0.5000 1.0000 0.0000 0.0000
0.0000 -0.9994 -0.0349 0.4826 0.9997 1.0000 0.0000 0.0000
0.0000 -0.9976 -0.0698 0.4651 0.9988 1.0000 0.0000 0.0000
0.0000 0.0000 0.0000 0.5000 0.5000 1.0000 0.0000 0.0000
0.0000 -0.9976 -0.0698 0.4651 0.9988 1.0000 0.0000 0.0000
0.0000 -0.9945 -0.1045 0.4477 0.9973 1.0000 0.0000 0.0000
0.0000 0.0000 0.0000 0.5000 0.5000 1.0000 0.0000 0.0000
0.0000 -0.9945 -0.1045 0.4477 0.9973 1.0000 0.0000 0.0000
0.0000 -0.9903 -0.1392 0.4304 0.9951 1.0000 0.0000 0.0000
0.0000 0.0000 0.0000 0.5000 0.5000 1.0000 0.0000 0.0000
0.0000 -0.9903 -0.1392 0.4304 0.9951 1.0000 0.0000 0.0000
0.0000 -0.9848 -0.1736 0.4132 0.9924 1.0000 0.0000 0.0000
0.0000 0.0000 0.0000 0.5000 0.5000 1.0000 0.0000 0.0000
0.0000 -0.9848 -0.1736 0.4132 0.9924 1.0000 0.0000 0.0000
0.0000 -0.9781 -0.2079 0.3960 0.9891 1.0000 0.0000 0.0000
0.0000 0.0000 0.0000 0.5000 0.5000 1.0000 0.0000 0.0000
0.0000 -0.9781 -0.2079 0.3960 0.9891 1.0000 0.0000 0.0000
0.0000 -0.9703 -0.2419 0.3790 0.9851 1.0000 0.0000 0.0000
0.0000 0.0000 0.0000 0.5000 0.5000 1.0000 0.0000 0.0000
0.0000 -0.9703 -0.2419 0.3790 0.9851 1.0000 0.0000 0.0000
0.0000 -0.9613 -0.2756 0.3622 0.9806 1.0000 0.0000 0.0000
0.0000 0.0000 0.0000 0.5000 0.5000 1.0000 0.0000 0.0000
0.0000 -0.9613 -0.2756 0.3622 0.9806 1.0000 0.0000 0.0000
0.0000 -0.9511 -0.3090 0.3455 0.9755 1.0000 0.0000 0.0000
0.0000 0.0000 0.0000 0.5000 0.5000 1.0000 0.0000 0.0000
0.0000 -0.9511 -0.3090 0.3455 0.9755 1.0000 0.0000 0.0000
0.0000 -0.9397 -0.3420 0.3290 0.9698 1.0000 0.0000 0.0000
0.0000 0.0000 0.0000 0.5000 0.5000 1.0000 0.0000 0.0000
0.0000 -0.9397 -0.3420 0.3290 0.9698 1.0000 0.0000 0.0000
0.0000 -0.9272 -0.3746 0.3127 0.9636 1.0000 0.0000 0.0000
0.0000 0.0000 0.0000 0.5000 0.5000 1.0000 0.0000 0.0000
0.0000 -0.9272 -0.3746 0.3127 0.9636 1.0000 0.0000 0.0000
0.0000 -0.9135 -0.4067 0.2966 0.9568 1.0000 0.0000 0.0000
0.0000 0.0000 0.0000 0.5000 0.5000 1.0000 0.0000 0.0000
0.0000 -0.9135 -0.4067 0.2966 0.9568 1.0000 0.0000 0.0000
0.0000 -0.8988 -0.4384 0.2808 0.9494 1.0000 0.0000 0.0000
0.0000 0.0000 0.0000 0.5000 0.5000 1.0000 0.0000 0.0000
0.0000 -0.8988 -0.4384 0.2808 0.9494 1.0000 0.0000 0.0000
0.0000 -0.8829 -0.4695 0.2653 0.9415 1.0000 0.0000 0.0000
0.0000 0.0000 0.0000 0.5000 0.5000 1.0000 0.0000 0.0000
0.0000 -0.8829 -0.4695 0.2653 0.9415 1.0000 0.0000 0.0000
0.0000 -0.8660 -0.5000 0.2500 0.9330 1.0000 0.0000 0.0000
0.0000 0.0000 0.0000 0.5000 0.5000 1.0000 0.0000 0.0000
0.0000 -0.8660 -0.5000 0.2500 0.9330 1.0000 0.0000 0.0000
0.0000 -0.8480 -0.5299 0.2350 0.9240 1.0000 0.0000 0.0000
0.0000 0.0000 0.0000 0.5000 0.5000 1.0000 0.0000 0.0000
0.0000 -0.8480 -0.5299 0.2350 0.9240 1.0000 0.0000 0.0000
0.0000 -0.8290 -0.5592 0.2204 0.9145 1.0000 0.0000 0.0000
0.0000 0.0000 0.0000 0.5000 0.5000 1.0000 0.0000 0.0000
0.0000 -0.8290 -0.5592 0.2204 0.9145 1.0000 0.0000 0.0000
0.0000 -0.8090 -0.5878 0.2061 0.9045 1.0000 0.0000 0.0000
0.0000 0.0000 0.0000 0.5000 0.5000 1.0000 0.0000 0.0000
0.0000 -0.8090 -0.5878 0.2061 0.9045 1.0000 0.0000 0.0000
0.0000 -0.7880 -0.6157 0.1922 0.8940 1.0000 0.0000 0.0000
0.0000 0.0000 0.0000 0.5000 0.5000 1.0000 0.0000 0.0000
0.0000 -0.7880 -0.6157 0.1922 0.8940 1.0000 0.0000 0.0000
0.0000 -0.7660 -0.6428 0.1786 0.8830 1.0000 0.0000 0.0000
0.0000 0.0000 0.0000 0.5000 0.5000 1.0000 0.0000 0.0000
0.0000 -0.7660 -0.6428 0.1786 0.8830 1.0000 0.0000 0.0000
0.0000 -0.7431 -0.6691 0.1654 0.8716 1.0000 0.0000 0.0000
0.0000 0.0000 0.0000 0.5000 0.5000 1.0000 0.0000 0.0000
0.0000 -0.7431 -0.6691 0.1654 0.8716 1.0000 0.0000 0.0000
0.0000 -0.7193 -0.6947 0.1527 0.8597 1.0000 0.0000 0.0000
0.0000 0.0000 0.0000 0.5000 0.5000 1.0000 0.0000 0.0000
0.0000 -0.7193 -0.6947 0.1527 0.8597 1.0000 0.0000 0.0000
0.0000 -0.6947 -0.7193 0.1403 0.8473 1.0000 0.0000 0.0000
0.0000 0.0000 0.0000 0.5000 0.5000 1.0000 0.0000 0.0000
0.0000 -0.6947 -0.7193 0.1403 0.8473 1.0000 0.0000 0.0000
0.0000 -0.6691 -0.7431 0.1284 0.8346 1.0000 0.0000 0.0000
0.0000 0.0000 0.0000 0.5000 0.5000 1.0000 0.0000 0.0000
0.0000 -0.6691 -0.7431 0.1284 0.8346 1.0000 0.0000 0.0000
0.0000 -0.6428 -0.7660 0.1170 0.8214 1.0000 0.0000 0.0000
0.0000 0.0000 0.0000 0.5000 0.5000 1.0000 0.0000 0.0000
0.0000 -0.6428 -0.7660 0.1170 0.8214 1.0000 0.0000 0.0000
0.0000 -0.6157 -0.7880 0.1060 0.8078 1.0000 0.0000 0.0000
0.0000 0.0000 0.0000 0.5000 0.5000 1.0000 0.0000 0.0000
0.0000 -0.6157 -0.7880 0.1060 0.8078 1.0000 0.0000 0.0000
0.0000 -0.5878 -0.8090 0.0955 0.7939 1.0000 0.0000 0.0000
0.0000 0.0000 0.0000 0.5000 0.5000 1.0000 0.0000 0.0000
0.0000 -0.5878 -0.8090 0.0955 0.7939 1.0000 0.0000 0.0000
0.0000 -0.5592 -0.8290 0.0855 0.7796 1.0000 0.0000 0.0000
0.0000 0.0000 0.0000 0.5000 0.5000 1.0000 0.0000 0.0000
0.0000 -0.5592 -0.8290 0.0855 0.7796 1.0000 0.0000 0.0000
0.0000 -0.5299 -0.8480 0.0760 0.7650 1.0000 0.0000 0.0000
0.0000 0.0000 0.0000 0.5000 0.5000 1.0000 0.0000 0.0000
0.0000 -0.5299 -0.8480 0.0760 0.7650 1.0000 0.0000 0.0000
0.0000 -0.5000 -0.8660 0.0670 0.7500 1.0000 0.0000 0.0000
0.0000 0.0000 0.0000 0.5000 0.5000 1.0000 0.0000 0.0000
0.0000 -0.5000 -0.8660 0.0670 0.7500 1.0000 0.0000 0.0000
0.0000 -0.4695 -0.8829 0.0585 0.7347 1.0000 0.0000 0.0000
0.0000 0.0000 0.0000 0.5000 0.5000 1.0000 0.0000 0.0000
0.0000 -0.4695 -0.8829 0.0585 0.7347 1.0000 0.0000 0.0000
0.0000 -0.4384 -0.8988 0.0506 0.7192 1.0000 0.0000 0.0000
0.0000 0.0000 0.0000 0.5000 0.5000 1.0000 0.0000 0.0000
0.0000 -0.4384 -0.8988 0.0506 0.7192 1.0000 0.0000 0.0000
0.0000 -0.4067 -0.9135 0.0432 0.7034 1.0000 0.0000 0.0000
0.0000 0.0000 0.0000 0.5000 0.5000 1.0000 0.0000 0.0000
0.0000 -0.4067 -0.9135 0.0432 0.7034 1.0000 0.0000 0.0000
0.0000 -0.3746 -0.9272 0.0364 0.6873 1.0000 0.0000 0.0000
0.0000 0.0000 0.0000 0.5000 0.5000 1.0000 0.0000 0.0000
0.0000 -0.3746 -0.9272 0.0364 0.6873 1.0000 0.0000 0.0000
0.0000 -0.3420 -0.9397 0.0302 0.6710 1.0000 0.0000 0.0000
0.0000 0.0000 0.0000 0.5000 0.5000 1.0000 0.0000 0.0000
0.0000 -0.3420 -0.9397 0.0302 0.6710 1.0000 0.0000 0.0000
0.0000 -0.3090 -0.9510 0.0245 0.6545 1.0000 0.0000 0.0000
0.0000 0.0000 0.0000 0.5000 0.5000 1.0000 0.0000 0.0000
0.0000 -0.3090 -0.9510 0.0245 0.6545 1.0000 0.0000 0.0000
0.0000 -0.2756 -0.9613 0.0194 0.6378 1.0000 0.0000 0.0000
0.0000 0.0000 0.0000 0.5000 0.5000 1.0000 0.0000 0.0000
0.0000 -0.2756 -0.9613 0.0194 0.6378 1.0000 0.0000 0.0000
0.0000 -0.2419 -0.9703 0.0149 0.6210 1.0000 0.0000 0.0000
0.0000 0.0000 0.0000 0.5000 0.5000 1.0000 0.0000 0.0000
0.0000 -0.2419 -0.9703 0.0149 0.6210 1.0000 0.0000 0.0000
0.0000 -0.2079 -0.9781 0.0109 0.6040 1.0000 0.0000 0.0000
0.0000 0.0000 0.0000 0.5000 0.5000 1.0000 0.0000 0.0000
0.0000 -0.2079 -0.9781 0.0109 0.6040 1.0000 0.0000 0.0000
0.0000 -0.1736 -0.9848 0.0076 0.5868 1.0000 0.0000 0.0000
0.0000 0.0000 0.0000 0.5000 0.5000 1.0000 0.0000 0.0000
0.0000 -0.1736 -0.9848 0.0076 0.5868 1.0000 0.0000 0.0000
0.0000 -0.1392 -0.9903 0.0049 0.5696 1.0000 0.0000 0.0000
0.0000 0.0000 0.0000 0.5000 0.5000 1.0000 0.0000 0.0000
0.0000 -0.1392 -0.9903 0.0049 0.5696 1.0000 0.0000 0.0000
0.0000 -0.1045 -0.9945 0.0027 0.5523 1.0000 0.0000 0.0000
0.0000 0.0000 0.0000 0.5000 0.5000 1.0000 0.0000 0.0000
0.0000 -0.1045 -0.9945 0.0027 0.5523 1.0000 0.0000 0.0000
0.0000 -0.0698 -0.9976 0.0012 0.5349 1.0000 0.0000 0.0000
0.0000 0.0000 0.0000 0.5000 0.5000 1.0000 0.0000 0.0000
0.0000 -0.0698 -0.9976 0.0012 0.5349 1.0000 0.0000 0.0000
0.0000 -0.0349 -0.9994 0.0003 0.5174 1.0000 0.0000 0.0000
0.0000 0.0000 0.0000 0.5000 0.5000 1.0000 0.0000 0.0000
0.0000 -0.0349 -0.9994 0.0003 0.5174 1.0000 0.0000 0.0000
0.0000 -0.0000 -1.0000 0.0000 0.5000 1.0000 0.0000 0.0000
0.0000 0.0000 0.0000 0.5000 0.5000 1.0000 0.0000 0.0000
0.0000 -0.0000 -1.0000 0.0000 0.5000 1.0000 0.0000 0.0000
0.0000 0.0349 -0.9994 0.0003 0.4826 1.0000 0.0000 0.0000
0.0000 0.0000 0.0000 0.5000 0.5000 1.0000 0.0000 0.0000
0.0000 0.0349 -0.9994 0.0003 0.4826 1.0000 0.0000 0.0000
0.0000 0.0698 -0.9976 0.0012 0.4651 1.0000 0.0000 0.0000
0.0000 0.0000 0.0000 0.5000 0.5000 1.0000 0.0000 0.0000
0.0000 0.0698 -0.9976 0.0012 0.4651 1.0000 0.0000 0.0000
0.0000 0.1045 -0.9945 0.0027 0.4477 1.0000 0.0000 0.0000
0.0000 0.0000 0.0000 0.5000 0.5000 1.0000 0.0000 0.0000
0.0000 0.1045 -0.9945 0.0027 0.4477 1.0000 0.0000 0.0000
0.0000 0.1392 -0.9903 0.0049 0.4304 1.0000 0.0000 0.0000
0.0000 0.0000 0.0000 0.5000 0.5000 1.0000 0.0000 0.0000
0.0000 0.1392 -0.9903 0.0049 0.4304 1.0000 0.0000 0.0000
0.0000 0.1736 -0.9848 0.0076 0.4132 1.0000 0.0000 0.0000
0.0000 0.0000 0.0000 0.5000 0.5000 1.0000 0.0000 0.0000
0.0000 0.1736 -0.9848 0.0076 0.4132 1.0000 0.0000 0.0000
0.0000 0.2079 -0.9781 0.0109 0.3960 1.0000 0.0000 0.0000
0.0000 0.0000 0.0000 0.5000 0.5000 1.0000 0.0000 0.0000
0.0000 0.2079 -0.9781 0.0109 0.3960 1.0000 0.0000 0.0000
0.0000 0.2419 -0.9703 0.0149 0.3790 1.0000 0.0000 0.0000
0.0000 0.0000 0.0000 0.5000 0.5000 1.0000 0.0000 0.0000
0.0000 0.2419 -0.9703 0.0149 0.3790 1.0000 0.0000 0.0000
0.0000 0.2756 -0.9613 0.0194 0.3622 1.0000 0.0000 0.0000
0.0000 0.0000 0.0000 0.5000 0.5000 1.0000 0.0000 0.0000
0.0000 0.2756 -0.9613 0.0194 0.3622 1.0000 0.0000 0.0000
0.0000 0.3090 -0.9510 0.0245 0.3455 1.0000 0.0000 0.0000
0.0000 0.0000 0.0000 0.5000 0.5000 1.0000 0.0000 0.0000
0.0000 0.3090 -0.9510 0.0245 0.3455 1.0000 0.0000 0.0000
0.0000 0.3420 -0.9397 0.0302 0.3290 1.0000 0.0000 0.0000
0.0000 0.0000 0.0000 0.5000 0.5000 1.0000 0.0000 0.0000
0.0000 0.3420 -0.9397 0.0302 0.3290 1.0000 0.0000 0.0000
0.0000 0.3746 -0.9272 0.0364 0.3127 1.0000 0.0000 0.0000
0.0000 0.0000 0.0000 0.5000 0.5000 1.0000 0.0000 0.0000
0.0000 0.3746 -0.9272 0.0364 0.3127 1.0000 0.0000 0.0000
0.0000 0.4067 -0.9135 0.0432 0.2966 1.0000 0.0000 0.0000
0.0000 0.0000 0.0000 0.5000 0.5000 1.0000 0.0000 0.0000
0.0000 0.4067 -0.9135 0.0432 0.2966 1.0000 0.0000 0.0000
0.0000 0.4384 -0.8988 0.0506 0.2808 1.0000 0.0000 0.0000
0.0000 0.0000 0.0000 0.5000 0.5000 1.0000 0.0000 0.0000
0.0000 0.4384 -0.8988 0.0506 0.2808 1.0000 0.0000 0.0000
0.0000 0.4695 -0.8829 0.0585 0.2653 1.0000 0.0000 0.0000
0.0000 0.0000 0.0000 0.5000 0.5000 1.0000 0.0000 0.0000
0.0000 0.4695 -0.8829 0.0585 0.2653 1.0000 0.0000 0.0000
0.0000 0.5000 -0.8660 0.0670 0.2500 1.0000 0.0000 0.0000
0.0000 0.0000 0.0000 0.5000 0.5000 1.0000 0.0000 0.0000
0.0000 0.5000 -0.8660 0.0670 0.2500 1.0000 0.0000 0.0000
0.0000 0.5299 -0.8480 0.0760 0.2350 1.0000 0.0000 0.0000
0.0000 0.0000 0.0000 0.5000 0.5000 1.0000 0.0000 0.0000
0.0000 0.5299 -0.8480 0.0760 0.2350 1.0000 0.0000 0.0000
0.0000 0.5592 -0.8290 0.0855 0.2204 1.0000 0.0000 0.0000
0.0000 0.0000 0.0000 0.5000 0.5000 1.0000 0.0000 0.0000
0.0000 0.5592 -0.8290 0.0855 0.2204 1.0000 0.0000 0.0000
0.0000 0.5878 -0.8090 0.0955 0.2061 1.0000 0.0000 0.0000
0.0000 0.0000 0.0000 0.5000 0.5000 1.0000 0.0000 0.0000
0.0000 0.5878 -0.8090 0.0955 0.2061 1.0000 0.0000 0.0000
0.0000 0.6157 -0.7880 0.1060 0.1922 1.0000 0.0000 0.0000
0.0000 0.0000 0.0000 0.5000 0.5000 1.0000 0.0000 0.0000
0.0000 0.6157 -0.7880 0.1060 0.1922 1.0000 0.0000 0.0000
0.0000 0.6428 -0.7660 0.1170 0.1786 1.0000 0.0000 0.0000
0.0000 0.0000 0.0000 0.5000 0.5000 1.0000 0.0000 0.0000
0.0000 0.6428 -0.7660 0.1170 0.1786 1.0000 0.0000 0.0000
0.0000 0.6691 -0.7431 0.1284 0.1654 1.0000 0.0000 0.0000
0.0000 0.0000 0.0000 0.5000 0.5000 1.0000 0.0000 0.0000
0.0000 0.6691 -0.7431 0.1284 0.1654 1.0000 0.0000 0.0000
0.0000 0.6947 -0.7193 0.1403 0.1527 1.0000 0.0000 0.0000
0.0000 0.0000 0.0000 0.5000 0.5000 1.0000 0.0000 0.0000
0.0000 0.6947 -0.7193 0.1403 0.1527 1.0000 0.0000 0.0000
0.0000 0.7193 -0.6947 0.1527 0.1403 1.0000 0.0000 0.0000
0.0000 0.0000 0.0000 0.5000 0.5000 1.0000 0.0000 0.0000
0.0000 0.7193 -0.6947 0.1527 0.1403 1.0000 0.0000 0.0000
0.0000 0.7431 -0.6691 0.1654 0.1284 1.0000 0.0000 0.0000
0.0000 0.0000 0.0000 0.5000 0.5000 1.0000 0.0000 0.0000
0.0000 0.7431 -0.6691 0.1654 0.1284 1.0000 0.0000 0.0000
0.0000 0.7660 -0.6428 0.1786 0.1170 1.0000 0.0000 0.0000
0.0000 0.0000 0.0000 0.5000 0.5000 1.0000 0.0000 0.0000
0.0000 0.7660 -0.6428 0.1786 0.1170 1.0000 0.0000 0.0000
0.0000 0.7880 -0.6157 0.1922 0.1060 1.0000 0.0000 0.0000
0.0000 0.0000 0.0000 0.5000 0.5000 1.0000 0.0000 0.0000
0.0000 0.7880 -0.6157 0.1922 0.1060 1.0000 0.0000 0.0000
0.0000 0.8090 -0.5878 0.2061 0.0955 1.0000 0.0000 0.0000
0.0000 0.0000 0.0000 0.5000 0.5000 1.0000 0.0000 0.0000
0.0000 0.8090 -0.5878 0.2061 0.0955 1.0000 0.0000 0.0000
0.0000 0.8290 -0.5592 0.2204 0.0855 1.0000 0.0000 0.0000
0.0000 0.0000 0.0000 0.5000 0.5000 1.0000 0.0000 0.0000
0.0000 0.8290 -0.5592 0.2204 0.0855 1.0000 0.0000 0.0000
0.0000 0.8480 -0.5299 0.2350 0.0760 1.0000 0.0000 0.0000
0.0000 0.0000 0.0000 0.5000 0.5000 1.0000 0.0000 0.0000
0.0000 0.8480 -0.5299 0.2350 0.0760 1.0000 0.0000 0.0000
0.0000 0.8660 -0.5000 0.2500 0.0670 1.0000 0.0000 0.0000
0.0000 0.0000 0.0000 0.5000 0.5000 1.0000 0.0000 0.0000
0.0000 0.8660 -0.5000 0.2500 0.0670 1.0000 0.0000 0.0000
0.0000 0.8829 -0.4695 0.2653 0.0585 1.0000 0.0000 0.0000
0.0000 0.0000 0.0000 0.5000 0.5000 1.0000 0.0000 0.0000
0.0000 0.8829 -0.4695 0.2653 0.0585 1.0000 0.0000 0.0000
0.0000 0.8988 -0.4384 0.2808 0.0506 1.0000 0.0000 0.0000
0.0000 0.0000 0.0000 0.5000 0.5000 1.0000 0.0000 0.0000
0.0000 0.8988 -0.4384 0.2808 0.0506 1.0000 0.0000 0.0000
0.0000 0.9135 -0.4067 0.2966 0.0432 1.0000 0.0000 0.0000
0.0000 0.0000 0.0000 0.5000 0.5000 1.0000 0.0000 0.0000
0.0000 0.9135 -0.4067 0.2966 0.0432 1.0000 0.0000 0.0000
0.0000 0.9272 -0.3746 0.3127 0.0364 1.0000 0.0000 0.0000
0.0000 0.0000 0.0000 0.5000 0.5000 1.0000 0.0000 0.0000
0.0000 0.9272 -0.3746 0.3127 0.0364 1.0000 0.0000 0.0000
0.0000 0.9397 -0.3420 0.3290 0.0302 1.0000 0.0000 0.0000
0.0000 0.0000 0.0000 0.5000 0.5000 1.0000 0.0000 0.0000
0.0000 0.9397 -0.3420 0.3290 0.0302 1.0000 0.0000 0.0000
0.0000 0.9510 -0.3090 0.3455 0.0245 1.0000 0.0000 0.0000
0.0000 0.0000 0.0000 0.5000 0.5000 1.0000 0.0000 0.0000
0.0000 0.9510 -0.3090 0.3455 0.0245 1.0000 0.0000 0.0000
0.0000 0.9613 -0.2756 0.3622 0.0194 1.0000 0.0000 0.0000
0.0000 0.0000 0.0000 0.5000 0.5000 1.0000 0.0000 0.0000
0.0000 0.9613 -0.2756 0.3622 0.0194 1.0000 0.0000 0.0000
0.0000 0.9703 -0.2419 0.3790 0.0149 1.0000 0.0000 0.0000
0.0000 0.0000 0.0000 0.5000 0.5000 1.0000 0.0000 0.0000
0.0000 0.9703 -0.2419 0.3790 0.0149 1.0000 0.0000 0.0000
0.0000 0.9781 -0.2079 0.3960 0.0109 1.0000 0.0000 0.0000
0.0000 0.0000 0.0000 0.5000 0.5000 1.0000 0.0000 0.0000
0.0000 0.9781 -0.2079 0.3960 0.0109 1.0000 0.0000 0.0000
0.0000 0.9848 -0.1736 0.4132 0.0076 1.0000 0.0000 0.0000
0.0000 0.0000 0.0000 0.5000 0.5000 1.0000 0.0000 0.0000
0.0000 0.9848 -0.1736 0.4132 0.0076 1.0000 0.0000 0.0000
0.0000 0.9903 -0.1392 0.4304 0.0049 1.0000 0.0000 0.0000
0.0000 0.0000 0.0000 0.5000 0.5000 1.0000 0.0000 0.0000
0.0000 0.9903 -0.1392 0.4304 0.0049 1.0000 0.0000 0.0000
0.0000 0.9945 -0.1045 0.4477 0.0027 1.0000 0.0000 0.0000
0.0000 0.0000 0.0000 0.5000 0.5000 1.0000 0.0000 0.0000
0.0000 0.9945 -0.1045 0.4477 0.0027 1.0000 0.0000 0.0000
0.0000 0.9976 -0.0698 0.4651 0.0012 1.0000 0.0000 0.0000
0.0000 0.0000 0.0000 0.5000 0.5000 1.0000 0.0000 0.0000
0.0000 0.9976 -0.0698 0.4651 0.0012 1.0000 0.0000 0.0000
0.0000 0.9994 -0.0349 0.4826 0.0003 1.0000 0.0000 0.0000
0.0000 0.0000 0.0000 0.5000 0.5000 1.0000 0.0000 0.0000
0.0000 0.9994 -0.0349 0.4826 0.0003 1.0000 0.0000 0.0000
0.0000 1.0000 0.0000 0.5000 -0.0000 1.0000 0.0000 0.0000
